0 1
2 3
4 5
6 7
8 9
10 11
10 12
11 12
13 14
13 15
14 15
16 17
18 19
18 20
19 20
21 22
23 24
23 25
24 25
26 27
28 29
28 30
29 30
31 32
31 33
32 33
34 35
34 36
35 36
37 38
37 39
37 40
38 39
38 40
39 40
41 42
43 44
45 46
47 48
49 50
51 52
51 53
51 54
51 55
52 53
52 54
52 55
53 54
53 55
54 55
56 57
58 59
58 60
58 61
59 60
59 61
60 61
62 63
64 65
66 19
66 20
67 68
69 70
71 72
73 74
75 76
75 77
76 77
78 79
80 81
82 83
84 85
86 87
86 88
87 88
89 90
89 91
90 91
47 92
60 93
60 94
60 95
93 94
93 95
94 95
96 97
96 98
97 98
99 100
101 102
103 104
105 106
107 108
107 109
108 109
110 111
110 112
111 112
113 114
115 116
117 79
117 118
79 118
92 119
92 120
119 120
121 122
123 124
75 125
75 126
125 126
127 128
129 130
131 132
131 133
131 134
132 133
132 134
133 134
135 136
89 137
89 138
89 139
138 139
140 141
140 142
140 143
141 142
141 143
142 143
144 145
146 147
146 77
147 77
58 148
58 93
148 60
148 93
149 150
151 152
151 153
151 154
152 153
152 154
153 154
155 48
156 157
156 158
156 159
157 158
157 159
158 159
160 85
161 162
163 164
165 166
167 168
169 170
61 171
43 172
172 44
157 136
173 174
3 12
175 97
176 177
178 179
178 180
179 180
181 182
181 183
182 183
0 184
1 184
185 186
42 187
188 189
190 191
192 193
192 194
192 195
193 194
193 195
194 195
196 197
198 199
200 131
200 46
200 201
131 46
131 201
46 201
164 202
192 203
204 205
206 100
207 208
207 209
207 210
208 209
208 210
209 210
211 212
211 213
211 214
212 213
212 214
213 214
215 216
51 217
51 218
217 218
219 220
158 221
159 221
15 130
15 222
130 222
223 224
225 226
225 227
225 145
225 186
226 227
226 145
226 186
227 145
227 186
145 186
228 95
228 229
95 229
230 231
230 232
231 232
233 92
48 234
48 88
234 88
215 235
215 133
235 133
236 133
236 237
133 237
163 238
163 26
163 27
238 26
238 27
239 240
241 242
243 244
245 246
245 247
246 247
248 249
250 251
250 9
251 9
252 253
253 253
254 44
103 255
103 256
103 257
255 256
255 257
256 257
258 259
258 260
259 260
261 262
261 263
262 263
264 74
265 266
267 268
160 269
270 271
270 272
270 273
271 272
271 273
272 273
274 275
276 230
276 277
276 278
230 277
230 278
277 278
279 280
279 278
280 278
279 230
281 282
283 122
284 285
284 286
285 286
287 288
189 289
277 290
278 290
156 291
47 119
292 293
294 295
294 296
295 296
297 298
297 299
298 299
300 301
300 302
301 302
303 304
303 305
303 306
303 307
304 305
304 306
304 307
305 306
305 307
306 307
308 309
310 157
311 312
313 314
313 315
314 315
316 317
316 111
316 318
317 111
317 318
111 318
319 320
321 322
321 323
321 324
321 325
322 323
322 324
322 325
323 324
323 325
324 325
326 327
326 328
327 328
329 330
331 73
331 74
88 332
333 261
333 133
261 133
334 134
335 99
336 151
336 152
336 154
337 338
337 339
338 339
340 189
340 341
189 341
342 343
151 344
152 344
344 154
345 346
223 347
348 9
303 349
349 305
349 306
350 351
350 352
351 352
353 354
355 111
356 357
262 358
359 180
200 50
131 50
50 201
360 337
360 338
360 339
361 362
363 354
364 231
365 278
365 290
366 367
86 368
86 14
86 369
368 14
368 369
14 369
193 370
193 371
370 371
370 195
371 195
372 277
373 41
373 42
111 374
111 375
374 375
376 377
376 378
377 378
379 380
379 381
380 381
335 382
335 383
382 383
384 385
43 254
386 387
386 388
386 389
387 388
387 389
388 389
390 15
391 44
392 393
392 394
392 395
393 394
393 395
394 395
396 397
396 398
397 398
399 290
400 401
402 403
402 404
403 404
405 404
406 407
408 409
410 411
410 412
411 412
413 414
415 416
417 415
410 418
412 418
419 420
421 422
421 423
422 423
424 425
426 427
428 429
329 129
129 330
192 430
192 349
192 312
192 431
430 349
430 312
430 431
430 203
349 312
349 431
349 203
312 431
312 203
431 203
432 433
432 434
432 435
434 435
436 144
437 438
439 440
50 46
441 354
442 443
442 444
443 444
445 242
276 27
446 447
448 42
449 393
449 395
163 450
450 164
451 85
452 453
454 21
454 455
21 455
456 457
458 285
459 92
459 119
459 120
460 461
460 462
461 462
463 464
310 465
66 345
66 346
244 466
244 467
244 468
466 467
466 468
467 468
469 470
471 54
472 473
19 416
20 416
474 260
474 475
474 476
260 475
260 476
475 476
147 477
77 477
478 479
480 481
207 482
483 484
485 486
485 487
486 487
149 488
489 435
490 238
490 26
490 27
226 491
227 491
145 491
492 493
494 495
494 496
495 496
497 442
334 498
499 111
499 500
111 500
501 317
501 111
502 258
503 504
15 505
506 507
508 509
510 511
512 513
512 514
513 514
37 337
515 516
515 517
516 517
518 519
520 521
522 523
522 524
523 524
525 526
525 527
525 528
526 527
526 528
527 528
255 529
501 530
111 530
531 532
531 533
532 533
534 178
534 180
520 121
521 121
535 536
535 537
536 537
538 539
540 541
542 153
543 544
295 26
545 95
355 316
546 547
546 287
546 10
546 288
547 287
547 10
547 288
287 10
10 288
548 549
548 550
548 551
549 550
549 551
550 551
518 552
552 519
287 553
287 554
553 554
553 555
553 556
555 556
555 554
556 554
557 558
471 559
560 471
560 559
561 562
80 94
563 258
564 565
566 285
567 568
569 570
569 571
569 572
569 573
570 571
570 572
570 573
571 572
571 573
572 573
239 574
575 535
575 498
535 498
238 576
408 57
409 57
577 242
101 578
579 580
579 581
579 582
580 581
580 582
581 582
583 584
82 585
125 23
125 586
23 586
587 588
589 590
589 591
590 591
474 401
204 511
592 593
592 594
592 9
593 594
593 9
594 9
595 596
595 597
596 597
598 3
598 12
502 599
206 204
206 205
204 100
205 100
600 601
602 603
601 604
605 606
607 608
103 609
87 610
87 611
610 611
265 246
265 612
265 613
246 612
246 613
612 613
512 614
512 615
614 615
616 617
618 619
618 620
618 599
619 620
619 599
620 599
621 622
621 623
622 623
428 275
624 625
624 626
624 627
624 266
625 626
625 627
625 266
626 627
626 266
627 266
326 628
629 630
631 632
631 633
632 633
566 634
635 57
636 247
637 108
638 639
571 640
640 572
640 573
19 641
20 641
642 480
326 643
296 644
331 645
73 645
224 68
646 647
646 648
647 648
649 650
649 651
649 652
650 651
650 652
651 652
66 653
654 655
656 213
656 214
657 162
658 163
606 596
606 659
596 659
245 221
246 221
660 661
662 663
128 240
664 22
664 21
43 665
665 44
627 382
627 383
666 230
192 667
668 669
668 670
668 671
669 670
669 671
670 671
672 673
672 674
672 675
672 676
672 677
672 678
672 679
673 674
673 675
673 676
673 677
673 678
673 679
674 675
674 676
674 677
674 678
674 679
675 676
675 677
675 678
675 679
676 677
676 678
676 679
677 678
677 679
678 679
680 681
682 683
682 684
682 685
683 684
683 685
684 685
686 687
686 688
687 688
454 22
689 690
689 475
690 475
691 692
691 693
692 693
694 695
696 697
642 698
73 361
413 699
700 701
700 604
701 604
702 703
267 704
267 705
704 705
89 706
89 707
706 707
525 708
525 91
528 708
528 91
708 91
709 710
711 92
711 120
695 712
713 714
540 584
702 715
563 527
716 717
716 718
717 718
719 420
68 3
68 12
720 721
722 723
722 724
723 724
116 218
86 725
726 727
18 641
592 8
728 274
729 730
19 731
20 731
732 274
733 734
735 736
735 737
736 737
236 738
133 738
95 363
160 739
160 740
739 740
741 742
741 743
742 743
744 745
746 747
746 748
747 748
47 319
47 320
258 749
750 258
124 562
124 751
562 751
485 752
485 221
485 266
486 752
486 221
486 266
487 752
487 221
487 266
752 221
752 266
221 266
753 754
267 133
755 756
757 606
757 347
757 302
606 347
606 302
347 302
758 759
269 760
269 761
760 761
242 762
763 764
492 765
492 412
765 412
766 767
766 768
767 768
769 770
437 771
438 771
419 772
772 420
361 773
125 8
774 636
774 247
653 346
775 776
775 777
775 778
775 632
776 777
776 778
776 632
777 778
777 632
778 632
779 780
779 781
780 781
575 149
575 488
782 783
782 784
783 784
785 786
785 787
786 787
788 789
788 790
789 790
218 791
218 792
791 792
793 794
721 795
796 549
796 551
796 548
575 334
575 417
334 417
417 498
797 798
799 800
355 801
801 316
801 111
802 151
802 152
802 154
803 200
18 80
155 10
155 3
155 12
10 3
804 296
805 806
805 807
805 808
806 807
806 808
807 808
809 60
810 811
810 510
811 510
381 812
813 616
813 617
814 815
816 817
51 818
51 819
818 819
820 821
820 822
821 822
823 824
823 113
824 113
726 825
103 826
103 827
103 828
826 827
826 828
826 256
827 828
827 256
828 256
829 830
110 831
832 833
832 834
833 834
835 836
796 566
837 838
837 138
838 138
754 839
754 840
839 840
300 841
301 841
841 302
842 843
842 844
842 845
843 844
843 845
844 845
682 846
682 847
846 684
846 847
684 847
848 849
850 851
850 852
851 852
853 854
855 856
855 857
855 858
856 857
856 858
857 858
859 860
861 858
861 862
858 862
863 696
809 864
124 145
145 562
145 751
865 866
867 868
866 869
750 184
870 346
103 13
609 13
871 553
66 872
66 873
66 874
872 873
872 874
873 874
875 15
875 505
66 876
876 653
877 502
877 878
502 878
593 8
879 880
225 881
226 881
227 881
145 881
882 883
882 559
883 559
884 885
866 886
333 887
261 887
888 889
890 221
891 892
893 511
894 895
894 571
894 572
894 896
894 897
895 571
895 572
895 896
895 897
571 896
571 897
572 896
572 897
896 897
571 898
572 898
747 634
265 191
191 613
310 94
373 314
41 314
42 314
899 900
901 902
901 903
902 903
904 905
906 907
906 908
907 908
909 910
911 912
913 914
915 916
915 917
916 917
918 919
920 921
922 923
924 925
924 926
924 927
925 926
925 927
926 927
928 929
419 930
420 930
793 562
793 249
562 249
336 376
336 377
336 378
605 931
605 932
931 932
933 934
933 935
934 935
207 936
936 482
249 937
938 939
938 940
939 940
941 942
512 943
944 638
944 945
638 945
140 311
946 947
946 409
947 409
948 949
948 950
949 950
951 952
629 953
954 608
267 159
267 45
159 45
955 956
521 67
521 957
67 957
507 958
507 959
958 959
283 361
361 122
960 961
631 962
220 567
220 568
207 963
208 963
963 210
932 606
964 965
267 966
966 268
74 645
401 967
236 968
969 970
969 971
969 972
970 971
970 972
971 972
973 974
478 975
976 977
978 979
978 980
979 980
981 982
338 983
360 983
337 983
133 46
134 46
984 985
726 986
987 823
988 381
988 315
381 315
693 989
990 991
992 907
993 994
993 995
994 995
996 997
998 999
1000 1001
1002 1003
1002 1004
1003 1004
1005 1006
1005 1007
1005 1008
1005 680
1006 1007
1006 1008
1006 680
1007 1008
1007 680
1008 680
1009 923
1010 1011
1010 1012
1011 1012
1013 1014
1015 1016
1017 1018
494 1019
494 196
494 197
1019 495
1019 196
1019 197
495 196
495 197
1020 1021
1022 1023
68 100
31 158
1024 562
299 99
1025 27
1026 884
1027 457
506 1028
506 1029
1028 1029
1030 1031
1030 1032
1031 1032
303 1033
303 1034
1033 1034
1035 1036
1035 1037
1035 1038
1036 1037
1036 1038
1037 1038
1039 1040
1041 696
646 1042
1043 661
1044 284
1045 1046
1045 1047
1045 76
1046 1047
1046 76
1047 76
535 1048
536 1048
1049 535
1049 536
1050 1051
939 1052
60 171
265 1053
1053 266
1054 606
1054 1055
606 1055
1033 1056
1057 1058
1059 553
1059 555
1059 1060
553 1060
555 1060
233 1061
944 639
639 945
1062 1063
1062 111
1062 316
1063 111
1063 316
1064 1033
1064 1065
1033 1065
1066 1067
1033 1068
1069 1070
268 1071
268 1072
1071 1072
1073 1074
1075 1076
1077 423
1078 1079
326 1080
643 327
643 1080
327 1080
1081 807
1082 35
219 347
523 1083
1084 429
1084 1085
1084 1086
429 1085
429 1086
1085 1086
1087 1088
1089 409
1090 1091
1090 1092
1091 1092
1093 1094
1095 1096
1095 1097
1096 1097
334 601
1098 1099
421 1100
421 1101
421 1102
421 1103
422 1100
422 1101
422 1102
422 1103
1100 1101
1100 1102
1100 1103
1101 1102
1101 1103
1102 1103
1104 1105
1106 1107
1108 1109
1110 1111
1112 1113
1114 1115
1114 1116
1114 1117
1114 1118
1115 1116
1115 1117
1115 1118
1116 1117
1116 1118
1117 1118
1119 1120
1121 1122
1123 680
1124 1125
1126 1127
1128 1129
1130 1131
1132 1133
1134 1135
1136 1137
1136 1138
1137 1138
1139 1140
1141 1142
1141 1143
1142 1143
1144 1145
1144 1146
1144 1147
1145 1146
1145 1147
1146 1147
1148 1149
129 539
129 1150
539 1150
1151 1152
1153 1154
1155 1156
1155 1157
1156 1157
1158 601
1159 152
1159 631
152 631
86 27
725 27
1160 1023
1160 1161
1023 1161
1162 230
16 1163
16 1164
1163 1164
1165 507
1166 1167
1166 1168
1167 1168
1169 1170
1171 36
1171 1172
36 1172
1173 1174
1175 26
1175 661
26 661
298 1176
298 1177
298 1178
298 1179
1176 1177
1176 1178
1176 1179
1177 1178
1177 1179
1178 1179
1180 1181
89 563
563 706
563 707
1182 1183
1184 1185
1186 1187
1188 1189
1190 1191
1192 1193
1194 1092
149 349
149 1195
349 1195
349 488
1195 488
590 1196
62 335
1197 1198
1199 1200
946 236
523 165
523 166
165 524
524 166
1201 940
1202 1153
1202 1203
1153 1203
1204 110
1204 831
1204 388
110 388
831 388
507 1205
1206 1207
450 476
771 1208
1209 1210
1211 1212
1211 1213
1212 1213
1214 1215
1216 1217
1218 1219
1220 1221
1222 1223
1224 1225
1226 1227
1228 1229
1230 1231
1230 911
1231 911
1232 1233
1234 1235
1236 1237
1236 1238
1237 1238
1239 1240
1241 1238
1241 1242
1238 1242
1243 1013
1243 1014
1243 1244
1013 1244
1014 1244
103 357
1245 1246
1247 1248
1247 1249
1248 1249
1250 124
1250 562
1250 751
1251 1210
1252 1253
1252 1254
1253 1254
1255 1256
200 1257
200 134
200 784
1257 131
1257 134
1257 784
131 784
134 784
1258 48
267 624
267 626
1259 1260
267 235
267 134
235 134
235 705
133 705
134 705
512 440
513 440
514 440
305 1261
305 1262
1261 1262
954 1263
1264 1265
1266 1267
1266 1268
1267 1268
1269 1270
1271 459
1272 324
1272 325
1273 299
66 1215
1215 874
317 1274
1274 111
1275 1276
1165 1277
1165 1278
1277 1278
336 802
1279 1280
1281 1282
1283 1284
638 1285
638 1286
1285 1286
746 1287
1288 302
1289 244
1289 243
1290 1291
1290 1292
1290 883
1290 559
1291 1292
1291 883
1291 559
1292 883
1292 559
126 698
126 1293
698 1293
1294 1295
1294 1296
1295 1296
1297 488
1297 1298
488 1298
169 705
169 1299
170 705
170 1299
705 1299
429 759
429 1105
759 1105
1300 1301
1300 538
1300 1302
1301 538
1301 1302
538 1302
1303 1304
1303 1305
1304 1305
1305 375
1303 375
1306 1307
1306 770
1306 1308
1307 770
1307 1308
770 1308
1309 403
1309 1310
403 1310
638 1311
1311 639
512 639
1312 1313
1314 1315
1316 1317
1316 741
1317 741
334 535
535 601
426 1318
1318 427
1319 1320
1321 1322
1323 1324
1325 1326
1327 1328
1329 1330
1331 1133
1332 848
1333 1334
1335 1336
1335 1337
1336 1337
1338 1242
1338 1339
1242 1339
1340 1341
1342 1343
1342 1344
1342 1345
1343 1344
1343 1345
1344 1345
1346 1347
1346 1348
1347 1348
1349 1350
1351 1352
1351 1353
1352 1353
1354 95
1355 80
1356 1357
1358 1359
1360 956
1361 1362
713 1363
714 1363
1364 1365
1366 1358
42 1367
1368 561
1368 562
1369 231
1369 721
231 721
1370 1283
167 129
129 168
542 1044
1033 1057
1033 1058
295 1371
1372 1373
1374 1375
1084 1376
1376 1086
1377 1378
308 1379
793 346
346 562
711 459
1380 1381
1382 1383
1384 92
740 100
224 1385
224 1386
224 1387
1385 1386
1385 1387
1386 1387
1022 1388
1022 1389
1388 1389
1390 354
987 1391
556 1392
758 56
1393 1257
1393 1394
1257 1394
37 1395
37 1396
38 1395
38 1396
1395 1396
37 1397
1398 1399
936 1400
936 1401
1400 1401
1402 1403
658 124
193 667
1404 1405
1404 1406
1404 1407
1405 1406
1405 1407
1406 1407
1408 1409
1408 1410
1409 1410
1411 1327
1412 1413
1412 1414
1413 1414
1415 1416
1417 1418
1417 1327
1418 1327
1419 1420
1420 1421
1420 1422
1420 1423
1420 1424
1420 1425
1420 1426
1421 1422
1421 1423
1421 1424
1421 1425
1421 1426
1422 1423
1422 1424
1422 1425
1422 1426
1423 1424
1423 1425
1423 1426
1424 1425
1424 1426
1425 1426
1427 1428
1429 1430
37 1377
37 1378
38 1377
38 1378
72 1431
1432 195
1432 1433
195 1433
1434 1435
1434 690
1435 690
863 1436
863 1437
1436 1437
345 653
722 1438
723 1438
1438 724
1439 1440
1441 1442
1441 1443
1441 1444
1442 1443
1442 1444
1443 1444
1445 149
1445 1446
149 1446
1447 1448
750 153
988 603
381 603
603 315
754 485
1017 1449
1017 945
1449 945
1450 1451
1452 618
1452 620
1453 1454
1453 1455
1453 1456
1454 1455
1454 1456
1455 1456
1457 1458
1184 1459
1460 1461
1462 474
1462 401
1462 131
1462 1463
474 131
474 1463
401 131
401 1463
131 1463
1464 1465
27 1466
1467 1468
1469 1470
1469 1471
1470 1471
1472 199
664 1473
21 1473
1473 22
590 1474
1475 121
1476 1477
155 206
155 4
155 100
206 4
4 100
1478 1479
1480 1481
1482 1483
1482 1484
1482 199
1483 1484
1483 199
1484 199
1485 717
1486 1487
1478 1488
1206 401
1489 1074
1489 1073
336 1490
151 1490
152 1490
1490 154
1 1491
1250 561
1250 1492
561 124
561 1492
124 1492
562 1492
1035 1493
1493 1036
1493 1038
1493 1037
741 1494
741 1495
741 1496
1494 1495
1494 1496
1495 1496
636 1497
1497 247
1498 1499
733 1500
1501 1502
1503 1504
1505 1506
1507 1508
1509 1510
1509 1511
1510 1511
1512 1513
1514 1515
1516 1517
1516 1518
1517 1518
741 1519
1520 1521
1520 1295
1520 1296
1521 1295
1521 1296
1282 582
522 165
522 166
1522 1523
1522 1524
1523 1524
310 79
1525 548
1526 1527
1528 186
1529 1530
1531 772
1531 420
978 1532
1533 1534
1533 1535
1533 1536
1534 1535
1534 1536
1535 1536
1537 1538
1539 288
66 538
538 876
538 653
66 1540
1540 876
1540 653
507 169
507 170
90 1541
1541 91
1542 1543
1544 1545
1544 1546
1544 1547
1545 1546
1545 1547
1546 1547
267 799
966 799
966 159
268 799
268 159
799 159
1548 1549
1548 1550
1549 1550
1551 1552
944 1449
1449 639
1434 1553
1434 1554
1553 1554
1555 363
1556 1520
1556 1557
1556 1558
1520 1557
1520 1558
1557 1558
1559 1560
535 884
1561 1562
1561 1563
1562 1563
1564 1565
1564 1566
1565 1566
1567 1568
1146 1569
1570 1571
38 1572
1572 37
1573 239
239 1574
239 460
239 1575
1574 460
1574 1575
460 1575
385 1576
385 41
1576 41
1577 642
1577 480
885 1578
1579 1580
890 1156
1581 1582
474 655
474 654
1583 1099
1584 380
1584 215
1584 1585
380 215
380 1585
215 1585
1586 511
1285 945
1587 599
1587 1588
1587 1589
1587 718
599 1588
599 1589
599 718
1588 1589
1588 718
1589 718
436 1590
159 1591
159 487
1591 487
1520 1101
1592 1593
1098 798
798 1099
538 874
494 145
145 496
1594 1595
1596 1597
1598 1599
1399 1600
1544 1601
1601 1545
1602 1603
722 981
722 982
1155 767
723 582
1604 1605
1606 1607
1608 1609
1608 1610
1609 1610
915 1611
917 1611
1612 1613
1612 1614
1613 1614
1615 1616
1617 1127
1617 1618
1127 1618
1619 1620
1621 1622
1621 1623
1622 1623
507 1624
507 1625
1624 1625
1624 959
1625 959
559 1626
1599 1627
373 1628
41 1628
456 15
1629 1630
1245 1631
1246 1631
51 1632
818 1632
1632 819
1633 1634
1635 1636
1637 375
521 1638
1639 1640
1639 1361
1640 1361
1641 1642
1643 370
192 1521
192 370
192 371
193 1521
194 1521
194 370
194 371
1521 370
1521 371
1521 195
1644 398
333 1645
1646 1647
1646 1648
1646 1649
1646 1650
1647 1648
1647 1649
1647 1650
1648 1649
1648 1650
1649 1650
1651 647
1652 1653
1652 1654
1653 1654
1528 1655
204 1656
511 1656
1657 1658
1659 1660
1659 354
1660 354
1661 235
1662 1663
1662 777
1663 777
115 632
116 632
1664 260
1285 639
1665 1666
1667 1668
1669 1460
1166 123
1166 69
123 69
1670 807
507 689
1671 1178
1671 1179
1671 234
1671 1672
1671 98
1178 234
1178 1672
1178 98
1179 234
1179 1672
1179 98
234 1672
234 98
1672 98
1673 1674
1449 1018
526 1675
1676 1677
1678 1679
828 1680
342 1681
1682 1518
1683 1481
1683 1392
1481 1392
1159 1684
1159 1685
1684 1685
664 1686
734 1500
1687 1688
158 136
158 135
1689 492
1689 1690
1689 1691
492 1690
492 1691
1690 1691
1044 1692
871 1059
871 555
871 1060
1693 1694
1695 1696
1171 1501
1697 1698
1699 27
773 85
310 612
310 99
612 99
1700 1701
1700 1702
1701 1702
789 1703
815 1481
576 1025
1704 1705
1706 1707
1708 1709
1708 1710
1709 1710
1711 1226
1712 1713
1714 1715
1716 1717
1718 1719
1718 1720
1719 1720
1721 1698
1673 1722
1673 1723
1722 1723
1724 1725
1724 580
1725 580
300 1726
1726 301
1726 302
1727 274
602 942
602 940
942 940
1523 613
512 1728
512 1729
1728 1729
1730 1731
1730 1732
1731 1732
1733 1734
1733 1735
1734 1735
47 9
149 1222
14 642
436 1391
194 409
1736 974
328 440
1175 1737
1175 1738
26 1737
26 1738
1737 1738
1739 1051
1697 1740
1697 1741
1740 1741
1740 1698
1741 1698
695 1742
1049 537
1743 1744
391 1316
391 465
1316 465
1745 972
1746 367
1746 1313
367 1313
238 635
635 27
1747 752
1748 1749
1748 1750
1749 1750
570 640
1751 1752
1753 954
1754 413
220 1755
1756 1757
1756 1758
1757 1758
1314 1759
1391 1195
1760 77
1761 1762
1763 1764
365 1376
1765 725
758 255
758 1766
255 1766
1767 762
1290 1768
1768 1291
1768 883
1768 1292
1768 559
1769 1599
1769 1770
1769 1358
1599 1770
1599 1358
1770 1358
424 569
420 1771
1772 1773
1774 1773
1775 1776
1626 1292
1626 1777
1292 1777
1778 1779
488 1780
1781 1297
1782 1783
1297 1784
1784 1298
835 1785
1786 1787
1786 1788
1787 1788
1789 1790
1186 1791
1792 1764
426 1793
1775 1794
1776 1794
127 1795
127 1796
1795 128
1795 1796
128 1796
1797 1798
1797 1799
1798 1799
1800 1801
1800 1802
1801 1802
1803 1804
1805 1806
1807 1808
1809 1810
1809 1413
1810 1413
1811 1122
1812 1813
1814 1815
1329 1816
1329 1817
1329 688
1329 1818
1816 1817
1816 688
1816 1818
1817 688
1817 1818
688 1818
1819 1820
1819 1821
1820 1821
1822 1823
1716 1824
1825 1826
1827 850
1827 1828
1827 1829
1827 1830
850 1828
850 1829
850 1830
1828 1829
1828 1830
1829 1830
1831 1832
1831 1833
1832 1833
1834 1835
1836 1656
1837 459
1838 1839
602 1840
1840 942
1841 1195
47 1842
1842 320
1843 1844
1843 1845
1844 1845
1312 1568
1312 367
1312 1460
1568 367
1568 1460
367 1460
1846 36
1250 346
1847 1848
287 953
1849 1850
1851 765
1851 1852
765 1852
1853 1854
1853 1855
1854 1855
1856 1857
1858 330
1859 956
863 1860
1860 1436
1861 1862
1863 1864
382 1865
383 1865
1866 1640
1867 1868
1867 706
1868 706
1869 1870
507 1686
1871 1218
1871 190
1218 190
1872 1873
313 603
219 223
156 1874
156 36
1874 36
525 717
717 527
1875 972
1875 279
972 279
547 1876
287 1876
1877 1878
49 1591
1879 647
1879 648
1880 1881
159 486
1370 1882
895 1882
517 1883
1355 567
284 83
1188 1884
1592 1885
1593 1885
47 456
47 584
456 584
1886 1887
1886 1888
1886 1889
1887 1888
1887 1889
1888 1889
47 592
1890 1891
1892 1890
1892 1893
1890 1893
1894 307
1895 1896
1897 1898
1899 1900
1899 1901
1900 1901
1902 1903
1232 1904
1233 1904
1905 1906
1907 1908
1909 1910
1909 1911
1910 1911
1912 1913
1914 1915
1914 1916
1915 1916
1917 1918
1917 1919
1918 1919
1920 1921
1920 1922
1921 1922
1827 1923
1924 1925
1926 1927
1926 1928
1926 1929
1927 1928
1927 1929
1928 1929
1930 1078
1930 1931
1078 1931
1932 1933
1932 1934
1933 1934
1458 1935
622 1936
709 415
709 705
415 705
1937 1938
1939 1937
1940 1941
1940 1521
1940 1942
1941 1521
1941 1942
1521 1942
1537 1943
265 221
1944 1945
1946 1947
1946 1948
1946 736
1947 1948
1947 736
1948 736
806 1949
544 1950
1951 1952
360 1953
1954 363
1955 1890
1955 1597
1955 1891
1890 1597
1597 1891
1956 1096
1957 741
1958 1959
474 705
1960 705
1961 1962
1961 1963
1962 1963
1964 1965
385 1966
1576 1966
1966 41
1967 612
1968 1969
1968 1970
1969 1970
37 1971
37 257
38 1971
38 257
1971 257
1972 8
1973 1974
1975 1976
1975 1977
1975 1978
1975 1979
1976 1977
1976 1978
1976 1979
1977 1978
1977 1979
1978 1979
1980 1981
1982 1983
1984 1985
85 354
750 32
32 184
1986 1983
1987 1988
1482 1472
1482 1989
1472 1989
199 1989
575 832
575 834
575 884
575 833
832 884
834 884
884 833
766 1156
766 1990
1156 768
1156 1990
768 1990
1991 1355
1991 80
1992 1993
1992 1994
1992 1995
1993 1994
1993 1995
1994 1995
1996 751
1304 977
1304 1997
977 1997
557 938
557 1840
557 282
938 1840
938 282
1840 282
1998 221
1999 2000
1999 2001
2000 2001
2002 1877
2002 800
1877 800
326 99
176 1992
2003 2004
2005 2006
2005 2007
2006 2007
546 952
547 952
605 2008
606 2008
2009 2010
502 716
2011 2012
2011 2013
2012 2013
2014 2015
2016 2017
559 2018
1525 2019
2019 548
2020 2021
2022 403
2022 2023
2022 2024
403 2023
403 2024
2023 2024
2025 2026
140 273
2027 67
2027 2028
67 2028
2029 2030
2029 549
2030 549
2031 2032
1895 2033
2034 2035
2036 2037
2036 2038
2037 2038
2039 1327
2040 2041
1507 2042
1507 2043
1507 2044
2042 2043
2042 2044
2043 2044
2045 2046
2047 2048
2049 2050
2051 2052
2051 1821
2052 1821
2053 2054
2053 2055
2054 2055
2056 2057
2058 1824
2059 2060
2059 2061
2060 2061
2062 2063
2062 1520
2063 1520
329 1652
329 1027
329 209
329 2064
329 457
1652 1027
1652 209
1652 330
1652 2064
1652 457
1027 209
1027 330
1027 2064
209 330
209 2064
209 457
330 2064
330 457
2064 457
2065 1730
2066 2067
2068 2069
2068 2070
2069 2070
333 2071
1645 2071
2072 622
174 99
502 563
709 2073
2074 401
2075 1521
2075 2076
2075 2077
1521 2076
1521 2077
2076 2077
1881 306
2078 1520
2079 2080
80 567
280 230
2081 1578
2081 885
1436 2082
160 2083
2083 740
1370 2084
2085 2086
2085 307
2086 307
1314 2087
1759 2087
696 2088
1442 2089
1443 2089
2090 574
2090 2091
2090 2092
574 2091
574 2092
2091 2092
1370 2093
1652 2094
1652 168
1027 2094
1027 168
209 2094
209 168
2094 168
2095 600
297 1176
297 2096
297 1177
297 1178
297 1179
298 2096
1176 2096
2096 1177
2096 1178
2096 1179
2097 2098
879 2099
2100 2101
2100 2102
2101 2102
2103 2104
1269 1098
1270 1098
2105 2106
2107 2108
2109 1888
2109 2110
1888 2110
200 1591
131 1591
1591 46
1024 2111
1024 1098
2111 1098
2078 2112
2078 2113
2078 1295
2078 1296
2112 2113
2112 1520
2112 1295
2112 1296
2113 1520
2113 1295
2113 1296
426 1945
426 1944
426 2114
1945 2114
1944 2114
2115 2116
1317 566
1317 634
1317 2117
566 2117
634 2117
79 637
79 359
637 359
877 2118
877 882
2118 882
2119 2120
2121 1991
2121 2122
1991 2122
2123 2124
2125 2123
2125 2126
2123 2126
2127 2128
1886 2129
1887 2129
1888 2129
1514 2130
2123 2131
2132 2133
2134 2135
993 2136
994 2136
995 2136
2137 2138
2139 2140
1810 2141
1912 2039
1912 2142
2039 2142
2143 2144
2143 2145
2143 2146
2144 2145
2144 2146
2145 2146
2147 2148
2147 2149
2148 2149
2150 2151
2152 2153
2152 1238
2153 1238
2154 2155
2156 2157
2158 2159
1484 2160
346 2161
1541 2162
507 2163
2164 2165
2164 1057
2165 1057
797 2166
797 2167
2166 2167
2168 872
145 216
1981 2169
775 2170
1980 631
1980 2171
631 2171
621 2172
621 122
621 2173
2172 122
2172 2173
122 2173
2174 2175
2174 2176
2175 2176
1434 103
1434 609
1434 2177
103 2177
609 2177
525 2178
525 90
2178 528
2178 90
528 90
1568 2179
367 2179
2180 2181
2182 2183
2184 2185
1374 2186
2186 1375
2187 2188
2189 657
2189 2190
657 2190
230 2191
294 1175
294 804
1175 804
1175 296
587 2192
2193 1389
2194 2195
2194 2196
2195 2196
2197 1514
438 393
2198 1775
2198 1776
1778 487
1779 487
80 124
124 81
503 1954
2199 1291
2199 1292
2199 559
2200 2201
255 2202
571 2203
571 939
2203 572
2203 939
572 939
1159 2204
1159 2205
1159 2206
2204 1685
2204 2205
2204 2206
1685 2205
1685 2206
2205 2206
793 1576
254 2207
40 2208
40 2209
40 2210
2208 2209
2208 2210
2209 2210
1030 2017
1031 2017
1032 2017
360 2211
360 822
2211 822
2212 511
2022 1310
2213 1372
2214 2215
1159 2216
1684 2216
238 332
26 635
26 332
635 332
332 27
2217 2066
2218 1402
2219 2220
2221 2222
2221 2223
2222 2223
2224 2033
2225 2226
2227 2228
2227 2229
2227 2230
2227 2231
2228 2229
2228 2230
2228 2231
2229 2230
2229 2231
2230 2231
2232 1505
2232 1506
2233 2234
2233 2235
2233 920
2234 2235
2234 920
2235 920
1332 2236
2237 2238
1924 2239
1924 2240
2239 2240
1159 2241
436 2242
192 2188
193 2188
2188 667
954 2243
2243 608
2244 502
2244 258
1472 64
1657 2245
1657 2246
2245 2246
2178 2247
2178 765
2247 90
2247 765
90 765
2248 26
2249 2250
2249 777
2250 777
2251 2252
52 2253
52 2254
52 2255
2253 2254
2253 2255
2254 2255
2256 2257
2258 1877
2258 2259
1877 2259
2260 1460
2261 2262
1520 2077
2077 1296
2263 780
662 150
662 2264
150 2264
1958 1772
2265 507
2265 958
2265 959
866 2266
1258 80
437 381
2267 2268
2267 2269
2268 2269
1542 459
491 2270
2241 2247
2241 2271
2247 2271
446 2272
2273 80
2274 700
2274 701
2275 2276
2275 2277
2276 2277
1312 2278
2279 1312
2279 2278
2279 2280
1312 2280
2278 2280
2281 2282
2281 829
2281 2283
2282 829
2282 2283
829 2283
2284 2285
471 2286
2287 2288
474 804
474 704
474 296
804 704
804 705
704 296
705 296
198 893
198 1989
893 199
893 1989
2289 2281
2289 2282
2289 530
2289 2283
2281 530
2282 530
530 2283
409 311
409 312
2290 2291
2292 2293
2292 2294
2292 2295
2293 2294
2293 2295
2294 2295
1018 945
2296 2297
2296 2298
2297 2298
2299 833
2299 2300
2299 2301
2300 2301
1470 2302
2303 2304
484 770
2305 44
1462 2306
2307 2308
1361 63
28 100
2309 2310
2309 1665
2310 1665
2311 2312
2311 325
2312 325
2313 2314
2315 1292
2315 559
2081 245
245 1578
245 885
2316 2317
2316 2061
2317 2061
957 70
2318 606
2319 2320
2321 1676
2321 1677
899 2322
2323 907
2324 1410
1609 2325
1610 2325
1108 2326
2326 1109
2327 2328
2327 2329
2328 2329
2330 1227
2331 2332
2331 2333
2331 2334
2332 2333
2332 2334
2333 2334
2335 2336
2337 2338
2337 2339
2338 2339
920 2340
2341 2342
2341 2343
2342 2343
2344 845
2345 2346
2345 2347
2346 2347
1713 2348
2349 2350
2349 2238
2350 2238
2351 2352
2150 2353
2150 2354
2353 2354
2355 2356
1927 2357
2357 1928
2357 1929
2100 2358
2359 135
1572 421
2360 1312
2360 1313
1700 99
224 2361
1387 2361
329 2094
787 1740
787 2362
785 1740
785 2362
1740 786
1740 2362
786 2362
1774 2363
2363 1773
1930 2364
1930 2365
2364 2365
2366 1438
2366 724
2367 2368
287 2369
287 2370
2369 953
2369 2370
953 2370
1477 2371
2372 41
2372 42
2373 2374
1528 2375
2376 1481
2377 210
2377 412
210 412
2378 2379
2380 2381
1657 2382
194 2383
194 2384
2383 409
2383 2384
409 2384
2385 2386
2387 1153
2387 2388
1153 2388
2389 2390
2391 2392
716 1568
716 367
716 1644
1568 1644
367 1644
1297 612
1297 153
612 153
200 2393
131 2393
46 2393
163 80
2394 2395
2396 2397
1793 1318
2398 2399
2398 2400
2399 2400
474 184
695 2401
1372 2402
1372 2403
2402 2403
1970 2404
2404 1969
2405 2406
2407 2408
2409 2410
321 2411
322 2411
323 2411
2411 324
2411 325
2412 218
2412 791
261 1645
261 2071
262 1645
262 2071
2413 2414
2413 2415
2413 2416
2414 2415
2414 2416
2415 2416
2417 2418
2419 2420
2421 2422
592 83
9 83
2423 1260
2424 2424
2420 2425
31 2426
2426 33
511 12
329 1653
1653 330
1653 2064
2427 2428
2367 2429
2429 2368
2430 1888
2431 2432
2062 2433
2063 2433
1520 2433
2434 1656
2435 2436
2435 2437
2435 2438
2435 2439
2436 2437
2436 2438
2436 2439
2437 2438
2437 2439
2438 2439
2440 2439
2440 2437
326 2441
2442 1192
2442 1193
629 79
2443 210
2444 2445
2446 2447
2448 2449
2450 2451
2450 2452
2451 2452
2324 2453
1410 2453
2454 2455
2456 2457
2458 2459
2460 2461
2462 2463
2464 2465
2466 1505
2459 2467
2468 2469
2148 2470
2471 2472
2471 2473
2472 2473
2474 2475
2476 2477
2478 396
66 2479
2480 612
2481 2482
779 2483
28 782
28 784
474 2484
2485 495
27 383
1953 1546
2486 2487
2486 2488
2487 2488
2489 2490
2489 2486
2490 2486
2491 2492
1664 295
1664 26
1664 2493
295 2493
26 2493
1033 2494
2495 232
2496 219
2496 223
196 303
196 807
303 807
2497 2498
1469 2499
2500 2501
2500 2502
2501 2502
2123 2503
264 1312
23 2504
23 1272
25 2504
25 1272
2504 1272
2505 2506
2505 2507
2506 2507
1971 236
2508 2509
2508 2510
2509 2510
507 2511
2511 1625
2511 959
2512 1292
2512 559
1999 2513
2513 2000
2514 1999
1204 1288
196 2515
196 117
2515 117
211 14
2516 2517
863 2518
2519 2520
2521 2522
2062 2523
1520 2523
1567 2524
1567 716
1567 1188
2524 716
2524 1188
716 1188
507 1514
1514 959
1859 68
1542 2421
2293 2525
2525 2294
2525 2295
2526 234
1697 365
1697 1724
1697 2527
1697 2528
365 1724
365 2527
365 1740
365 2528
365 1741
365 1698
1724 2527
1724 1740
1724 2528
1724 1741
1724 1698
2527 1740
2527 2528
2527 1741
2527 1698
1740 2528
2528 1741
2528 1698
639 1286
2529 2079
2529 2530
2529 2531
2079 2530
2079 2531
2530 2531
2003 1974
1250 145
2532 221
517 545
517 2533
545 2533
25 586
2534 2535
2536 2537
2002 2538
1264 1358
1264 1769
696 2539
294 238
294 1
1175 238
1175 1
238 1
1316 1957
1316 743
1957 743
409 2076
409 2077
2540 606
267 196
267 1019
196 268
268 1019
2541 2542
128 771
1594 539
2088 2543
156 1995
1995 291
2544 2545
2544 744
2545 744
2546 2547
2548 2549
2548 2550
2548 1147
2549 2550
2549 1147
2550 1147
602 1316
602 939
1316 942
1316 939
942 939
227 216
2551 244
2551 243
2552 2553
2552 2554
2553 2554
2456 2555
2456 2556
2555 2556
1108 2231
2326 2231
1109 2231
2557 2558
2557 1897
2558 1897
2557 1898
2559 2560
2561 2562
2458 2563
2564 2565
2564 2463
2565 2463
2566 2567
2566 2568
2567 2568
2040 2569
2041 2569
2570 2571
2570 2572
2570 2573
2571 2572
2571 2573
2572 2573
2574 2575
2137 2576
2577 2137
2578 2579
1351 2580
2580 1352
2580 1353
2581 2582
2583 2584
258 2585
258 882
2585 882
2586 2587
2588 1257
2588 131
2588 134
1637 2589
1637 2590
1637 2591
2589 2590
2589 2591
2590 2591
2592 2593
2594 2595
2596 221
267 2597
2597 624
981 408
981 1257
981 2598
408 1257
408 2598
1257 2598
329 1354
1256 251
1256 130
251 130
2599 2600
2599 2601
2600 2601
2602 2603
2604 1379
2605 48
879 2606
125 1256
1256 8
2607 2541
2431 2608
2609 2610
2609 2611
2610 2611
2612 2613
2612 2614
2613 2614
2615 2616
638 2617
639 2617
14 1555
14 481
1555 481
531 2618
533 2618
2619 2620
2619 736
2620 736
2431 318
2621 702
2622 81
163 290
1084 2623
2623 1086
113 77
114 77
2624 2269
2625 2626
1757 307
2627 2628
1644 1583
483 1156
483 157
1156 157
531 2629
74 269
140 760
2630 2631
105 457
2632 2633
1587 1162
259 2634
2309 2635
1665 2635
866 2636
866 1198
2636 1198
794 1302
2414 2301
2415 2301
310 953
953 612
2274 604
2637 2638
236 361
2639 2640
2641 2642
2641 1488
2641 1478
2641 2643
2641 2644
2642 1488
2642 1478
2642 2643
2642 2644
1488 2643
1488 2644
1478 2643
1478 2644
2643 2644
788 525
788 260
788 2645
525 260
525 2645
260 2645
2646 2647
2646 492
2647 492
361 2648
2649 2650
47 1385
1385 319
1385 1842
319 1842
2651 2652
2653 2654
2653 2655
2653 2656
2653 2657
2654 2655
2654 2656
2654 2657
2655 2656
2655 2657
2656 2657
2658 2659
2658 1224
2658 1225
2659 1224
2659 1225
2660 2661
2660 2662
2660 2663
2661 2662
2661 2663
2662 2663
1326 2664
1411 1417
2665 2666
2667 2668
2669 2670
2671 2672
2673 2674
2675 2676
2675 2677
2676 2677
682 2678
2678 684
2678 683
2678 847
683 847
682 2679
682 2680
682 2681
682 2682
2679 2680
2679 2681
2679 2682
2680 2681
2680 2682
2681 2682
2583 2683
2583 2684
2683 2684
2685 2686
2687 2688
602 150
1316 150
150 942
2689 457
2689 578
457 578
2690 2691
2690 2692
2691 2692
67 1387
2310 1666
2194 1981
2194 2693
2195 1981
2195 2693
1981 2693
1370 2212
1283 2212
590 2694
800 2695
2696 2697
1730 2698
2698 1731
1063 317
2699 696
2700 2701
2702 695
890 128
890 771
1941 2703
1941 447
2703 447
2244 599
2704 2705
2704 1221
2705 1221
1583 2706
2244 749
39 2707
536 2708
2709 2710
1958 1196
2711 2712
2711 2713
2712 2713
512 287
512 637
287 637
2714 2715
638 2247
1286 2617
2208 2716
2716 2210
189 2717
1435 2718
2194 2719
2194 2720
2195 2719
2195 2720
2719 2720
2491 1950
2491 2721
1950 2492
1950 2721
2492 2721
2722 2723
2724 15
2724 222
1035 2068
1035 2725
1036 2068
1036 2725
2068 2725
2068 1493
2725 1493
163 2726
163 482
80 2726
80 482
2726 482
625 2727
168 130
1450 2728
1450 2729
2728 2729
2730 627
2730 383
2212 2371
2292 322
322 2293
322 2294
322 2295
2731 599
2732 2733
2732 2103
2733 2103
2734 761
1765 382
1765 1865
2735 2736
2737 1864
224 2738
2739 2740
2741 2742
313 2743
1049 2744
1049 985
2744 536
2744 985
536 985
2745 2002
1044 387
1044 2746
387 2746
638 2747
638 2748
2747 639
2747 2748
639 2748
2749 635
2750 2751
2750 2752
2751 2752
2753 2038
2754 2755
2756 2757
2758 2759
2758 2760
2759 2760
2761 2762
2763 2764
2763 2765
2763 2766
2763 2767
2764 2765
2764 2766
2764 2767
2765 2766
2765 2767
2766 2767
2768 2769
2768 2770
2769 2770
1817 2771
2771 688
2772 1715
2773 2774
2775 2776
2777 862
2778 2779
2780 2781
2780 2782
2781 2782
2783 1715
1619 2784
2785 2786
2785 2787
2786 2787
2788 2789
2790 2791
2790 2792
2790 2793
2791 2792
2791 2793
2792 2793
2502 2506
2506 2500
2494 2794
2175 2494
2479 1514
144 2795
258 231
438 833
1757 2080
307 2080
511 1682
2796 2797
2798 1967
525 262
629 2799
2800 2801
2800 1094
2801 1094
2802 2803
2804 2805
1726 841
1874 1172
1275 2806
424 1039
2807 363
2808 2809
2810 2811
2812 647
0 15
954 122
2813 416
2814 2815
2816 1542
1537 649
1537 2817
649 2817
192 1941
192 2075
192 2076
193 1941
193 2075
193 2076
2188 1941
2188 2075
2188 2076
1941 2075
1941 2076
1941 667
2075 667
2076 667
466 2818
2819 1370
1795 2820
1796 2820
2821 2822
2823 1757
2824 604
570 895
570 523
570 2825
895 523
895 2825
571 523
571 2825
523 572
523 2825
572 2825
2826 2827
2828 642
2828 2829
642 2829
1662 646
1663 646
2244 1485
399 2830
2830 290
1087 2831
2832 2626
2833 2006
2834 2835
2836 2837
1166 147
1166 2838
69 147
69 2838
147 2838
193 717
2839 2840
2839 2841
2839 1525
2840 2841
2840 1525
2841 1525
1542 2842
2843 278
2843 27
2843 1466
278 27
278 1466
2025 2844
2844 2026
2845 92
2846 2846
2846 2097
2847 2848
2849 2850
2707 2851
2852 2853
2852 2854
2853 2854
2855 2817
2832 2856
2626 2856
2857 67
2857 2858
67 2858
1955 981
981 1890
981 1891
10 159
1765 27
2731 1025
2421 2396
2421 2859
2396 2859
512 118
2860 1690
2860 2861
1690 2861
205 610
205 88
610 88
2862 2863
2864 2865
2866 2867
2866 2868
2867 2868
2869 2870
2133 2871
2133 2872
2871 2132
2871 2872
2132 2872
2873 2874
2875 2876
2875 2877
2876 2877
2878 2879
2880 1803
2881 2882
2881 1614
2882 1614
1902 2883
2884 2040
2462 2141
2462 2885
2141 2885
2886 2887
2886 1226
2886 2888
2887 1226
2887 2888
1226 2888
2889 2890
2891 2892
2893 2894
2893 2895
2894 2895
842 2344
844 2344
2896 2897
842 2898
1351 2899
1352 2899
2899 1353
2900 2901
2902 2903
2154 2904
2154 2905
2904 2905
1335 2906
1336 2906
2906 1337
1241 2907
2907 1242
2908 1620
2908 2909
1620 2909
1716 1240
1240 1824
2910 2911
2910 2912
2911 2912
2913 2914
2913 2915
2913 2916
2914 2915
2914 2916
2915 2916
2917 2918
2919 2920
2919 2921
2920 2921
308 2922
227 562
635 383
1663 1869
1747 2923
2924 1312
2925 2926
2925 1520
2926 1520
2619 1948
1948 2620
639 235
2927 2928
2927 2929
2928 2929
2930 2931
2932 1282
2933 2504
2933 2934
2934 2504
1665 2935
1666 2935
2741 2936
2292 2937
2938 2182
2938 1692
2182 1692
1516 2939
1516 2940
2939 2940
2939 1517
2940 1517
2941 546
2941 547
2941 287
2942 2943
709 2944
2945 2946
2947 2948
2949 2178
2949 90
2950 1029
638 1449
2832 2951
2506 2501
2922 698
535 2952
2953 2954
115 655
116 655
655 632
871 554
2955 315
2955 2097
315 2097
2639 2956
805 783
806 783
807 783
783 808
79 108
2957 1195
1516 2958
1517 2958
1950 2959
2959 2721
289 800
2960 1569
1402 2961
2961 1403
156 230
156 1545
230 1545
2962 2963
2964 2965
2966 1310
2966 403
2967 131
2967 134
2967 201
134 201
2968 742
2968 741
2968 743
1958 2969
2970 2971
2972 2973
2972 2974
2973 2974
2115 99
2975 1544
2975 2976
2975 1546
1544 2976
2976 1546
310 363
2977 2978
2977 2173
2977 2979
2978 2173
2978 2979
2173 2979
255 2980
192 2187
2981 1410
2982 1609
2982 2983
1609 2983
2984 2455
2984 2985
2455 2985
2986 2987
2986 2988
2987 2988
2989 2990
2989 2133
2990 2133
1326 2991
1326 2992
2991 2992
2993 2994
2995 2885
2995 2996
2885 2996
2997 2998
2999 3000
2999 3001
2999 3002
3000 3001
3000 3002
3001 3002
2341 3003
2341 3004
3003 3004
3005 3006
3005 3007
3006 3007
2159 3008
3009 3010
3009 3011
3010 3011
1014 3012
3013 3014
607 108
607 3015
108 3015
1671 3016
1672 3016
786 1699
1842 1387
1842 2361
3017 2933
3017 3018
3017 227
3017 145
2933 3018
2933 227
2933 145
3018 227
3018 145
3019 164
3020 3021
515 1771
881 3022
3023 3024
3023 3025
3023 3026
3024 3025
3024 3026
3025 3026
3027 3028
3027 3029
3028 3029
64 525
64 2178
3030 1312
3030 1313
3031 3032
1171 3033
1171 1781
1171 1297
3033 1781
3033 1297
3034 2312
3035 2389
3035 2390
2184 3036
2184 3037
2184 3038
3036 3037
3036 3038
3037 3038
2121 249
629 3039
629 3040
3039 3040
3041 3042
3043 23
3043 3044
3043 2276
23 3044
23 2276
3044 2276
3045 3046
3042 3047
3041 3047
3048 3049
1748 385
94 623
3050 3051
696 25
605 1775
1775 606
1971 2972
236 2972
1955 3052
3053 2799
3054 349
2421 1882
1283 2123
1283 2131
1283 2503
2131 2503
3055 2099
261 474
261 705
3056 52
3056 3057
52 3057
1220 1190
1584 3058
322 530
322 2283
192 3059
2187 3059
1767 216
28 128
1390 3060
1516 3061
1179 3062
1179 3063
3062 3063
3064 2061
1044 82
1044 3065
82 3065
82 1692
3065 1692
3066 1557
87 3067
173 3068
3069 3070
1393 2598
3071 631
3071 2171
3072 1851
3072 412
1851 412
3073 2266
152 1684
1684 2205
3074 3075
2800 2386
3076 1291
3077 240
1202 1841
1374 1543
3078 625
3078 3079
625 3079
287 3080
637 3080
1052 941
3081 3082
3083 3084
3085 3086
3085 3087
3085 3088
3085 3089
3086 3087
3086 3088
3086 3089
3087 3088
3087 3089
3088 3089
3090 3091
2453 3092
3092 1410
3093 2133
3093 3094
2133 3094
2455 3095
3096 3097
3096 3098
3097 3098
3099 3100
3101 3102
998 3103
998 911
3103 911
1710 2047
3104 3105
3104 3106
3105 3106
2462 2995
3107 2142
3108 3109
3110 3107
3111 3112
3111 3113
3112 3113
3114 3115
3114 3116
3115 3116
2462 3117
3118 3119
3010 1428
3120 3121
3120 3122
3121 3122
3123 3124
3123 3125
3124 3125
3126 3127
3126 3128
3127 3128
2058 3129
1824 3129
3130 3131
3130 3132
3130 3133
3130 3134
3130 3135
3131 3132
3131 3133
3131 3134
3131 3135
3132 3133
3132 3134
3132 3135
3133 3134
3133 3135
3134 3135
3136 3137
3136 3138
3137 3138
3139 1623
3139 1621
3140 2491
3141 3142
3141 3143
3142 3143
3144 3145
1660 3146
1089 2077
3147 635
31 2726
2726 158
829 1868
830 1868
2748 1017
1045 3148
1046 3148
3149 3150
3149 3151
3150 3151
3152 1383
3152 3061
1383 3061
3153 1210
3153 3154
1210 3154
3155 2430
609 1355
3149 3156
3149 3157
3149 3158
3156 3157
3156 3158
3157 3158
3157 3159
1754 3160
1972 251
251 8
624 804
624 3161
804 626
804 3161
626 3161
2517 1156
2517 157
483 2517
2186 3162
1 99
19 274
1663 3163
1663 3164
3163 3164
420 1575
56 231
117 65
1033 3165
3166 3167
976 2088
3168 2608
3169 517
3169 545
646 3170
3171 3172
1981 2276
3173 3174
3175 3176
3175 3177
3175 3178
3175 3179
3176 3177
3176 3178
3176 3179
3177 3178
3177 3179
3178 3179
3180 1689
3180 2748
1689 2748
204 12
1689 3181
2748 3181
555 310
555 953
310 1060
953 1060
1067 3182
769 3183
769 1307
3183 1307
3183 770
21 25
21 104
25 104
2062 3184
2062 3185
3184 1520
3184 3185
1520 3185
639 3186
1286 3186
3187 1886
3187 3188
1886 3188
3189 3190
3191 3192
3191 3193
3192 3193
3194 3195
3194 3196
3195 3196
1946 3197
3198 3199
3198 586
3199 586
606 3200
757 3201
1489 3202
1074 3202
1522 1190
2290 613
3203 779
396 328
3204 3077
1537 1958
3205 3206
3207 1957
3207 3208
3207 1495
3207 1519
3207 5
1957 3208
1957 1495
1957 1519
1957 5
3208 1495
3208 1519
3208 5
1495 1519
1495 5
1519 5
2069 3209
3210 2244
3211 2431
3212 3213
3212 3214
3213 3214
3215 334
3216 1676
3216 1677
3217 899
3217 2322
3218 3219
3220 3221
3220 3222
3221 3222
2558 3223
2558 3224
3223 3224
2448 1610
2449 1610
3225 2225
3226 3227
3228 3229
3228 3230
3229 3230
3231 3232
3233 3234
3235 3236
3235 911
3236 911
3237 3238
3237 1339
3238 1339
3239 3240
3239 3241
3240 3241
2913 3242
2913 3243
3242 3243
3244 3245
3244 3246
3245 3246
3247 2932
1370 3248
1370 2371
3248 2371
839 3249
839 3250
3249 3250
376 154
377 154
1368 1492
3251 3252
991 100
141 2083
2083 142
2083 143
3253 3254
3253 240
3254 240
3255 1880
3255 3256
1880 3256
3257 3258
2119 520
3259 3260
3259 3261
3260 3261
2424 3262
1598 1769
1543 459
3263 2549
3263 2550
3264 3265
3264 3266
3265 3266
342 120
2123 3267
695 3268
1775 487
1775 266
3266 3269
3266 3270
3269 3270
1063 3271
3271 111
3272 3266
3272 3273
3266 3273
599 777
599 646
777 646
3274 3275
3274 3276
3275 3276
806 3277
105 3278
3278 457
2294 3279
2294 2494
3279 2494
3280 3281
88 363
246 169
246 170
3282 3196
3282 3283
3196 3283
3284 3285
2015 3286
1290 2315
1290 1626
2315 1626
2315 883
1626 883
3287 1848
3288 3289
474 624
3190 3290
3291 3292
2953 3293
2953 3294
2953 3295
2953 3296
2953 3297
3293 3294
3293 3295
3293 3296
3293 3297
3294 3295
3294 3296
3294 3297
3295 3296
3295 3297
3296 3297
3298 1282
3298 582
3299 3300
1155 723
3291 3301
3302 945
3303 1774
3303 2363
877 515
3304 655
2924 367
1759 3305
3306 3307
1683 556
1032 1771
1771 2017
1212 3308
1212 3309
3308 3309
2722 3310
3310 2723
2078 3311
2078 3312
2112 3311
2112 3312
2113 3311
2113 3312
3311 3312
3311 1295
3311 1296
3312 1295
3312 1296
2062 3313
2062 3314
3313 1520
3313 3314
1520 3314
877 3315
3316 3317
417 3318
3319 3320
570 939
566 1182
566 3321
1182 3321
1182 2117
3321 2117
1024 1661
3322 3323
3324 3325
3324 3326
3325 3326
3327 3328
3329 3328
3329 3330
3328 3330
3331 3332
3331 3333
3332 3333
3334 3335
3334 3336
3335 3336
2448 2325
2449 2325
3337 3336
3337 3338
3336 3338
3339 3340
3341 3342
3343 3344
3345 3346
3345 3347
3346 3347
3348 3349
3350 3351
3350 3352
3351 3352
3109 3353
1117 3354
3354 1115
3355 1117
3356 3357
3356 3358
3357 3358
842 3359
842 3360
843 3359
843 3360
844 3359
844 3360
3359 3360
3359 845
3360 845
3361 3362
3361 3363
3362 3363
3364 842
3364 2898
3364 3365
3364 3366
842 3365
842 3366
2898 3365
2898 3366
3365 3366
3367 3361
3367 3362
853 3368
853 3369
3368 3369
3370 2156
3370 2157
3371 3372
3373 1513
3374 3375
3374 3376
3374 3377
3375 3376
3375 3377
3376 3377
3378 3379
3378 3380
3378 3381
3379 3380
3379 3381
3380 3381
1682 12
758 635
245 3382
1578 3382
3382 885
2714 3383
3384 1952
3384 1951
1078 3385
90 3386
90 2162
3386 2162
1987 3387
3387 1988
1746 3388
3388 1313
101 625
2739 236
2315 3389
1292 3389
3390 2616
3390 3391
2616 3391
2512 2199
2512 10
2512 159
2199 10
2199 159
110 2585
2585 112
3392 1357
3392 3393
1357 3393
1594 3315
1594 260
3315 539
3315 260
539 260
2002 3394
2002 3395
1293 9
3396 3397
417 3398
3399 3400
3399 559
3400 559
1764 3401
1764 3402
3401 3402
3403 3404
3405 750
3405 953
750 953
100 363
2745 236
1542 3406
666 599
666 1146
230 599
230 1146
599 1146
3407 3066
3407 3408
3066 3408
124 1098
805 3409
3410 1038
518 3411
519 3411
1197 1690
1690 1198
944 3412
639 3412
1573 2090
3413 3414
3413 3415
3414 3415
432 3416
432 2833
432 2006
432 3417
3416 2833
3416 2006
3416 3417
2833 3417
2006 3417
2639 1053
2640 1053
878 1379
66 3418
1540 3418
876 3418
3419 3420
3419 3421
3419 3422
3419 3423
3419 3424
3420 3421
3420 3422
3420 3423
3420 3424
3421 3422
3421 3423
3421 3424
3422 3423
3422 3424
3423 3424
3425 3396
3426 1540
3426 876
3426 3418
3427 221
3428 3429
3428 559
3429 559
3430 3431
3430 2848
3431 2848
1765 383
1366 1599
3432 2846
3433 3286
3434 3435
989 3436
989 3029
989 3037
989 3437
3436 3029
3436 3037
3436 3437
3029 3037
3029 3437
3037 3437
989 3438
989 3439
989 3440
3436 3438
3436 3439
3436 3440
3438 3439
3438 3440
3439 3440
1697 1398
1398 1698
564 3441
3027 3442
3442 3029
599 1870
3443 3444
3445 3446
3447 3448
3449 3450
3449 3451
3450 3451
3452 3453
2878 3095
3095 2879
3453 3454
2873 3455
3455 2874
3456 3457
3458 3459
1417 2039
3460 3461
3462 1617
3462 3463
1617 3463
3464 3465
3466 3467
3468 3469
3468 3470
3468 3471
3469 3470
3469 3471
3470 3471
3374 3242
3472 3473
3474 3475
3476 3477
3478 3479
1037 3480
1037 3481
1037 3482
3480 3481
3480 3482
3481 3482
3483 3431
817 310
817 612
817 153
817 122
310 153
310 122
612 122
153 122
3484 232
3485 354
3486 3487
3486 61
3486 171
3487 61
3487 171
3488 1094
3488 1093
3489 1476
3489 3490
1476 3490
3491 3492
3491 1943
3492 1943
3493 2536
879 3494
880 3494
3266 3495
3266 2728
3495 2728
3496 3497
3496 889
3497 889
3498 316
3498 111
3498 3499
316 3499
111 3499
177 3500
3501 3502
3501 3503
3502 3503
246 3504
3505 2315
3505 1292
3505 3389
3505 2018
3505 3506
2315 2018
2315 3506
1292 2018
1292 3506
3389 2018
3389 3506
2018 3506
1663 3507
3507 3164
321 3508
3508 323
3508 324
3508 325
3509 3510
3511 3266
3512 3513
3514 3515
1583 3516
3516 1644
3517 1997
80 3518
2619 3519
3519 2859
3520 3521
2174 1370
3522 343
1852 3523
1852 3524
3523 3524
776 867
3525 3526
607 359
359 3015
2615 1682
3527 3080
3207 741
741 5
3152 3528
3528 3061
3529 3519
2804 3482
2805 3482
2214 1597
2215 1597
502 72
563 72
3530 3531
3532 531
3532 533
3532 3533
531 3533
533 3533
3534 3535
3536 3537
393 3538
419 709
419 710
709 420
710 420
3539 169
3539 170
3042 3540
941 3541
2394 3542
758 391
758 3543
391 3543
391 759
3543 759
449 1038
449 3544
1038 3544
3545 2484
3546 3547
1666 2635
3548 3492
3548 1943
3549 3550
3549 3551
3550 3551
204 1842
1842 511
3552 2551
1523 1221
1524 1221
2015 3553
1162 1025
1162 3554
1162 1162
1025 3554
3555 2309
3555 3556
2309 3556
3266 3557
3558 901
3558 3559
901 3559
3560 3561
3560 3562
3560 3563
3561 3562
3561 3563
3562 3563
3564 2453
3564 3092
3564 3344
2453 3344
3092 3344
3565 3566
2455 3567
3095 3567
3568 2453
3568 3092
3569 3570
3571 3572
3571 2568
3572 2568
3573 2042
3573 912
2042 912
3574 1229
3575 3576
2566 3577
1901 3578
1002 3579
3580 3581
3580 3128
3581 3128
3582 3583
3584 3585
3584 3586
3584 3587
3584 3588
3585 3586
3585 3587
3585 3588
3586 3587
3586 3588
3587 3588
3589 3590
1427 3591
3592 3593
3594 3595
3594 3596
3595 3596
3597 3598
3599 2774
3600 423
1591 201
738 200
738 131
738 46
738 201
200 133
133 201
3601 3602
1044 83
83 1692
155 2631
3603 567
3604 3605
3604 255
3605 255
2286 3606
3607 3608
3607 3609
3608 3609
657 3610
660 3289
660 3611
3289 3611
236 2851
3612 62
160 2400
2400 740
3613 412
3613 3614
3613 3615
412 3614
412 3615
3614 3615
3616 3617
1380 3618
607 3619
3619 608
1146 718
74 3620
1850 3621
474 1
1 705
3622 3623
3624 3625
3624 2286
3625 2286
3626 3627
3626 3628
3627 3628
642 3629
542 2615
1748 1576
1748 2372
1576 2372
2067 240
969 3630
3631 295
719 772
3632 2506
3632 2707
2506 2707
1449 2247
3633 1886
3633 1887
3633 3634
1886 3634
1887 3634
3635 3636
3637 3638
3637 945
3638 945
3639 833
3639 834
3640 3641
3640 3642
3641 3642
1587 1025
1587 3554
3643 2389
3643 2390
3644 3645
2721 3646
3646 2959
1933 2389
3397 3647
3647 3396
797 3648
105 274
274 457
3649 1156
3649 3650
3649 768
3649 3651
1156 3650
1156 3651
3650 768
3650 3651
768 3651
1481 3652
1481 3653
3652 3653
3652 1392
3653 1392
1885 3547
515 3654
3042 3655
3655 3041
1640 3656
3657 3658
3027 989
3027 3659
989 3659
3659 3029
3660 1974
3660 3661
1974 3661
777 1547
2796 3662
3663 3664
3665 2123
3666 3667
3668 3669
3670 3671
3672 1600
757 3673
757 3674
757 3675
3673 3674
3673 3675
3674 3675
575 303
2011 3676
2011 2019
3676 2019
207 107
207 3677
209 107
209 3677
107 3677
389 320
3678 3679
3678 3680
3679 3680
3681 562
3681 1492
1851 3682
1399 3683
3684 3685
3684 3686
3685 3686
3687 3688
1640 3689
2440 3690
3690 2439
723 795
3691 3692
3693 3694
3693 3695
3693 3696
3694 3695
3694 3696
3695 3696
3697 3446
3698 3699
2999 3700
2999 1227
2999 2892
3700 1227
3700 2892
1227 2892
1120 3701
1120 2141
3701 2141
2040 3702
3703 1912
3703 3704
1912 3704
3705 3706
3707 3708
1819 3709
1820 3709
3709 1821
3710 3711
3712 2238
3712 3713
2238 3713
3714 3715
3714 3716
3715 3716
3717 3718
3719 3720
3719 3721
3720 3721
3722 3723
1335 3724
1335 3725
3724 3725
3724 2906
3724 1337
3725 2906
3725 1337
3726 3727
3728 3729
545 3730
3731 3732
1700 3733
2641 2386
2641 3734
873 2971
3735 308
3736 3737
1982 3738
1983 3738
3739 3740
3741 3742
3741 3037
3741 3439
3742 3037
3742 3439
3037 3439
1988 3743
3744 3745
151 1297
151 488
2834 2824
1657 3746
1469 3390
1470 3390
1485 354
566 10
566 9
10 634
10 9
634 9
3747 3248
3748 421
3748 3749
421 3749
150 940
43 1551
3750 3751
3750 2540
3751 2540
402 1179
3752 563
3752 478
3752 975
563 478
563 975
580 3753
1670 3754
1670 3755
3754 3755
3756 3548
3672 3757
3248 1570
1570 2371
3688 3758
218 1378
1378 791
564 3759
111 1193
111 3760
1193 3760
3761 3762
3761 3763
3762 3763
267 724
3764 3765
3766 1593
3767 1472
3767 3768
1472 3768
1549 17
3769 3770
625 2730
2727 2730
571 3541
523 2203
523 3541
2203 3541
3541 572
3771 3772
82 3773
2256 2178
2256 90
2256 765
3774 3775
3774 3667
3775 3667
1863 3776
3777 3778
3779 223
3779 2496
3779 347
2496 347
2860 3780
1690 3780
2861 3780
1049 2708
888 242
3781 3782
3783 3784
3783 2182
3783 2183
3784 2182
3784 2183
2028 3785
3786 1162
3786 3787
3786 3788
1162 3787
1162 3788
3787 3788
53 791
3789 18
3790 3791
3792 290
49 486
49 487
49 159
1572 3793
1572 422
1572 1103
3793 421
3793 422
3793 1103
3794 2919
3794 800
2919 800
3795 2848
1934 3796
3794 3797
2919 3797
3798 411
3798 412
775 2857
3799 3800
3799 3801
3800 3801
3802 3803
3802 3804
3803 3804
3805 3806
1408 3807
3808 3809
3808 3810
3809 3810
3811 3812
3811 1897
3812 1897
3813 2133
3813 3094
3814 3815
3816 3817
3816 3818
3816 3819
3817 3818
3817 3819
3818 3819
3820 3821
3820 2874
3821 2874
3822 3823
3824 3825
3826 1913
1810 2329
3827 3828
3829 2759
3829 2760
3830 3701
3830 2756
3830 2757
3701 2756
3701 2757
3831 3832
3833 3834
682 3835
2682 3835
3836 3837
3836 2897
3837 2897
3836 3838
3837 3838
2897 3838
3839 3840
1713 3841
2348 3841
1241 3842
3843 3844
3843 3845
3844 3845
3846 3133
3846 3131
1824 3847
3848 3849
3850 3851
922 3852
3853 3854
3855 2773
3855 3856
2773 3856
3857 3858
3857 3859
3858 3859
3860 3861
1832 2350
3862 3863
3864 613
3865 881
110 802
802 112
3778 1631
753 3866
753 1783
3866 1783
2066 3867
3867 2067
307 3868
1464 2302
3869 3870
3869 3871
3869 3872
3869 3873
3869 3874
3870 3871
3870 3872
3870 3873
3870 3874
3871 3872
3871 3873
3871 3874
3872 3873
3872 3874
3873 3874
331 361
3875 128
3876 3877
3647 1866
3396 1866
1866 3397
454 524
3744 2543
989 3878
3878 3659
1169 3879
3880 3881
3880 3882
1165 970
507 970
72 3883
72 3884
3883 3884
3885 3886
3046 3887
60 1546
61 1546
3888 3889
2062 3890
3890 1520
3891 3892
3893 2639
3893 2956
3894 613
3895 3896
3895 414
3896 414
3897 359
3898 3899
3898 3900
3898 3901
3899 3900
3899 3901
3900 3901
507 114
507 3902
114 3902
3266 3903
3903 3270
2292 3904
3904 2293
3904 2294
3904 2295
3905 3906
3905 3907
3905 3908
3906 3907
3906 3908
3907 3908
3909 3432
2359 1169
3910 1148
3910 499
3910 500
1148 499
1148 500
3911 3912
3911 2408
3912 2408
3913 3247
3913 3914
3247 3914
1988 23
1988 2276
23 3743
3743 2276
2420 3915
2420 2943
2420 1359
3915 2943
3915 1359
2943 1359
3916 3917
3918 3919
342 3920
3920 120
151 61
151 171
990 3921
1689 3922
3922 1691
3923 3924
3925 3926
3927 3928
3913 3929
3929 3914
3930 1524
3931 3932
3931 3933
3931 3934
3931 3935
3932 3933
3932 3934
3932 3935
3933 3934
3933 3935
3934 3935
3936 417
3937 2067
133 42
2699 3938
2699 442
3938 442
1275 318
1275 1888
318 1888
239 2091
239 3939
2091 3939
3940 1302
3941 2541
2105 3942
2105 3943
3942 3943
3258 3944
224 2696
224 2697
546 266
547 266
287 266
14 794
877 3945
3619 3015
3946 3947
3948 2087
3949 3950
3949 3951
3950 3951
3952 1025
723 3953
723 3384
3953 3384
1025 3954
3493 3955
239 3730
574 3730
1264 990
1264 1656
990 1656
540 3956
541 3956
3957 3958
3959 3960
3959 2114
3960 2114
3691 3961
3962 3963
3962 3964
3962 3965
3962 3966
3962 3967
3962 3968
3963 3964
3963 3965
3963 3966
3963 3967
3963 3968
3964 3965
3964 3966
3964 3967
3964 3968
3965 3966
3965 3967
3965 3968
3966 3967
3966 3968
3967 3968
3969 3970
3969 3971
3970 3971
3972 3973
3972 3974
3972 3975
3972 3976
3973 3974
3973 3975
3973 3976
3974 3975
3974 3976
3975 3976
2986 3977
3977 2988
3978 3979
2462 2674
2463 2141
2463 2885
2463 2674
2141 2674
2885 2674
3980 3981
3980 3982
3981 3982
3983 1122
3984 3985
2330 3986
3986 1227
2139 3987
2139 3988
3987 3988
3989 3990
3991 3992
3993 3994
3995 3996
3997 1337
857 3998
3999 4000
4001 4002
4003 4004
4005 4006
4007 4008
4009 4010
4011 4012
3728 4013
3073 4014
1197 3073
1948 737
4015 4016
4017 4018
4017 3404
4018 3404
4019 4020
26 15
15 27
48 153
4021 4022
4023 4024
4025 3889
4025 4026
3889 4026
829 4027
4028 2831
4028 4029
2831 4029
4030 751
4031 4032
4031 4033
4032 4033
4034 4035
4036 3431
230 1870
4037 2361
1547 4038
1689 2860
1689 4039
1689 4040
2860 4039
2860 4040
4039 4040
66 1496
86 4041
86 1263
4041 1263
4035 4042
283 4043
2968 2704
2968 1221
742 2704
742 1221
609 80
609 2115
1355 2115
80 2115
2796 4044
1449 1635
105 2689
105 578
954 283
954 4045
954 1757
283 4045
283 1757
4045 1757
4045 122
1757 122
2804 3148
4046 4047
1298 416
2739 4048
4049 1739
1950 3646
570 1769
4050 3614
1449 2381
155 2375
2375 2631
2375 100
2631 100
241 115
241 116
241 655
878 214
156 536
156 2708
4051 4014
3255 4052
3256 4052
236 4048
1955 1596
1596 1890
1596 1891
4053 4054
4053 4055
4054 4055
4056 4057
4056 4058
4057 4058
4059 4060
4061 3627
4061 3628
4062 3908
4063 1602
4063 1370
1602 1370
160 799
4064 4065
2130 2375
2130 4066
2375 4066
2832 4067
2203 640
640 939
4068 4069
79 2515
118 2515
4070 4071
4072 4073
4074 4075
4076 2224
4076 2324
2224 2324
4077 1803
4078 4079
688 4080
4081 4082
4083 4084
3123 4085
3124 4085
4086 4087
2581 4088
3720 1340
4089 2157
3136 4090
3137 4090
4090 3138
4091 4089
4092 4093
4094 4095
4094 4096
4095 4096
4097 4098
4099 4100
4099 4101
4100 4101
4102 4103
4104 4105
4106 4107
4106 4108
4107 4108
4109 4110
4111 4112
4113 4114
4113 4115
4114 4115
4116 4117
4118 4119
3728 4120
4121 4122
4121 4123
4121 4124
4121 4125
4122 4123
4122 4124
4122 4125
4123 4124
4123 4125
4124 4125
4126 4127
4126 4128
4126 4129
4127 4128
4127 4129
4128 4129
4130 4131
4132 2804
2723 403
4133 613
4134 2741
4134 299
4134 4135
2741 299
2741 4135
299 4135
4136 4137
2804 3673
2804 3675
3673 3482
3675 3482
4138 4139
381 898
4140 4141
4140 4142
4141 4142
1088 4143
1088 323
4143 323
3618 1265
3618 4144
1265 4144
1265 1380
4144 1380
1162 4145
4145 3788
4146 2283
4146 4147
2283 4147
2087 4148
2087 2009
2087 4149
4148 2009
4148 4149
2009 4149
4150 4151
4150 4048
4151 4048
571 762
523 762
3541 762
572 762
3512 4152
3512 4153
4152 4153
78 174
4154 492
4154 4155
4154 412
492 4155
4155 412
624 2727
624 382
625 382
2727 382
4156 136
4156 135
4157 1188
2731 1169
4158 1589
4159 62
4159 210
62 210
193 622
622 717
1689 4160
4160 1691
4161 4162
289 4163
800 4163
3959 426
4164 1729
4165 1401
4165 1029
1401 1029
4166 1282
4167 4168
4167 4169
4168 4169
4170 4171
4170 4172
4171 4172
40 4173
4173 2209
4174 4175
4174 4176
4174 4177
4175 4176
4175 4177
4176 4177
826 27
827 27
3271 317
2748 4178
4179 1074
4179 396
1074 396
1169 1025
4180 542
4181 4182
4181 1057
4182 1057
3480 4183
3480 2182
3480 2183
4183 2182
4183 2183
4184 4185
4184 4186
4185 4186
283 121
4045 121
4187 1286
642 481
481 3629
1671 1671
4188 3643
4188 2389
4188 2390
3888 4189
3889 4189
4190 4191
1955 4046
4046 1890
4046 1891
326 608
326 1032
608 1032
1290 2199
1768 2199
2860 3181
1658 4192
114 477
609 828
1218 556
1218 1632
1218 2497
556 1632
556 2497
1632 2497
67 2371
4193 4194
4193 4195
4194 4195
4196 4197
4198 4199
4200 4200
4200 4201
4202 2033
4203 2753
4203 4204
4203 2038
2753 4204
4204 2038
4205 4206
4205 2033
4205 4207
4206 2033
4206 4207
2033 4207
4208 4209
4208 4210
4209 4210
4211 3095
4212 4213
4212 4214
4213 4214
4215 4216
4217 4218
4217 4219
4218 4219
4220 4221
4222 4223
4222 4224
4223 4224
4225 4226
4227 4228
4229 4230
4229 4231
4229 2787
4230 4231
4230 2787
4231 2787
3237 4232
3238 4232
4232 1339
4233 4234
4235 4236
4235 3715
4236 3715
2777 4237
862 4237
4238 4239
4240 4241
4242 4243
4242 4244
4243 4244
1987 4245
4245 1988
4246 4247
4246 1520
4246 1465
4247 1520
4247 1465
1520 1465
4248 3425
4249 4250
163 4251
80 4251
482 4251
4181 2191
988 4252
4252 315
1528 226
1528 2175
1528 2176
226 2175
226 2176
878 656
709 1771
709 266
1635 638
4253 4254
2950 506
4255 76
4256 4257
3959 4258
426 4258
4258 2114
1987 4259
4259 3387
4259 1988
741 4260
741 4261
4260 4261
254 1219
254 274
1219 274
631 4262
631 1889
4262 1889
4263 1530
4263 4264
1530 4264
3746 4169
4265 4266
245 4267
245 4268
4267 4268
1050 4269
4270 4271
4272 4273
4272 4274
4273 4274
4275 4276
4275 68
4276 68
4277 4278
4277 4279
4278 4279
2600 4280
272 2703
272 447
521 4281
957 4281
4282 312
4283 1599
4284 4285
4284 4286
4285 4286
4287 4288
1537 1023
876 1496
526 562
526 1868
562 1868
86 15
86 332
4041 15
4041 332
15 332
15 1263
332 1263
4289 4290
1639 3520
610 2634
1153 597
4291 639
4291 945
4292 2283
2311 2061
342 305
305 120
4293 4294
4295 4296
2622 2962
4297 4298
4299 2964
196 4300
4300 1019
14 332
4301 2585
437 4302
1888 4303
1888 3633
4303 3633
284 1692
4304 1405
2290 941
2290 176
941 176
2846 4305
2846 4306
2846 4307
2846 4301
4305 4306
4305 4307
4305 4301
4306 4307
4306 4301
4307 4301
948 4308
4309 4310
4309 4311
4310 4311
4312 1210
1519 2170
4313 4314
1768 2315
1768 3389
1768 3506
750 606
1202 4315
4315 1203
4316 4317
4316 4318
4318 4317
1445 1222
1869 1869
4319 4320
4319 98
4320 98
1192 3492
1193 3492
660 4321
880 2099
269 4322
269 2648
4322 2648
4323 4324
4325 4326
3298 4327
4327 582
1037 3037
1037 4328
3037 4328
1947 2620
4329 4330
96 4331
68 36
68 511
68 1682
36 511
36 1682
1480 556
1480 707
556 707
4266 4332
4266 4333
4266 4334
4266 4335
4332 4333
4332 4334
4332 4335
4333 4334
4333 4335
4334 4335
3607 4336
793 4337
793 4338
4337 4338
515 509
4339 4340
4341 4342
4341 4343
4341 4344
4342 4343
4342 4344
4343 4344
4345 4346
4345 4347
4345 4348
4346 4347
4346 4348
4347 4348
4349 3566
4350 4351
4350 4352
4351 4352
4353 4354
4353 4355
4354 4355
4356 2036
2132 2989
2132 2990
4357 3977
4357 4358
3977 4358
4359 4360
4359 4361
4360 4361
4362 4363
4362 2569
4363 2569
4364 1506
4365 4366
4367 3572
4367 2568
4368 4369
4370 4371
4370 4372
4370 4373
4371 4372
4371 4373
4372 4373
3980 4374
3980 4375
3980 4376
4374 4375
4374 4376
4375 4376
1001 4377
4378 917
4379 4380
2042 2569
1331 4381
1133 4381
4382 4383
4382 4384
4382 4385
4382 4386
4382 4387
4382 4388
4383 4384
4383 4385
4383 4386
4383 4387
4383 4388
4384 4385
4384 4386
4384 4387
4384 4388
4385 4386
4385 4387
4385 4388
4386 4387
4386 4388
4387 4388
4389 4390
2580 2899
4391 4392
4391 2774
4392 2774
4393 3847
4393 4394
3847 4394
4395 4396
851 3852
4397 861
4397 4398
861 4398
1010 4399
4400 4401
4402 4403
4402 4404
4402 4405
4403 4404
4403 4405
4404 4405
4406 4407
4408 4409
4408 4410
4409 4410
4411 4412
4413 4414
4413 4415
4414 4415
4416 4417
4416 4418
4416 4419
4416 4420
4416 4421
4416 4422
4416 4423
4416 4424
4417 4418
4417 4419
4417 4420
4417 4421
4417 4422
4417 4423
4417 4424
4418 4419
4418 4420
4418 4421
4418 4422
4418 4423
4418 4424
4419 4420
4419 4421
4419 4422
4419 4423
4419 4424
4420 4421
4420 4422
4420 4423
4420 4424
4421 4422
4421 4423
4421 4424
4422 4423
4422 4424
4423 4424
4425 4426
4425 3433
4425 32
4426 3433
4426 32
3433 32
265 1539
265 288
265 108
1539 108
288 108
1514 4427
4428 4429
638 4430
4430 639
4430 1286
835 444
4156 3683
4431 2173
4432 4433
4432 3791
4433 3791
3527 4434
4434 3080
287 513
287 514
287 440
2018 4435
3505 4435
4436 3608
4436 4437
3608 4437
2002 2739
2739 2538
4438 2953
4438 4439
2953 4439
2945 4440
2946 4440
4441 4266
507 4427
4442 1690
573 603
4443 4444
4443 879
4443 880
4444 879
4444 880
1778 1475
4445 4446
471 883
471 4447
883 4447
2259 4448
2259 3682
4448 3682
4449 3914
4266 4450
817 4451
4451 310
4451 612
267 709
709 626
4452 4045
4452 122
4453 1887
4453 4454
1887 4454
220 794
794 1755
1731 235
196 2532
196 2596
196 221
2532 2596
128 4455
4456 586
4457 2376
4458 768
4459 4460
4461 1547
4461 4038
4462 23
981 4463
981 1394
4463 1394
4464 1881
4464 306
4465 4466
4465 2932
4466 2932
3532 532
771 3670
771 1688
3670 1688
2500 2387
4467 4468
4467 3280
4468 3280
536 884
2708 884
124 3247
4469 439
4469 440
129 27
168 27
3643 4470
4470 2389
373 4471
41 4471
4472 1162
4472 1025
4472 2731
1162 2731
4473 2602
4473 2603
1759 4474
4474 3305
2297 361
4475 751
4476 4477
4478 3566
4479 4480
4481 4482
1320 4483
1320 4484
4483 4484
4485 2998
4485 4486
4485 4487
2998 4486
2998 4487
4486 4487
4488 4489
4488 4490
4489 4490
4491 4492
4491 4493
4491 4494
4491 4495
4492 4493
4492 4494
4492 4495
4493 4494
4493 4495
4494 4495
1001 4496
4497 3105
4498 4499
4500 4501
2042 2141
4502 4503
4504 4505
4506 1811
687 2682
687 1005
687 4507
2682 1005
2682 4507
1005 4507
4233 4508
4508 4234
4083 4509
4509 4084
4510 4511
4510 4512
4511 4512
4513 4514
4513 4515
4514 4515
4516 4517
4516 3127
4517 3127
4518 4519
4518 4392
4519 4392
763 4085
763 4520
4085 4520
1010 4521
1141 4522
4523 4524
4002 4525
4526 4527
4526 4528
4527 4528
4529 4530
4531 4532
4533 4534
4535 4536
4537 4538
4537 4539
4538 4539
205 4290
2935 4540
1067 754
4541 4542
1537 1173
1537 1174
2409 1194
254 1551
4543 1069
272 4544
272 4545
4544 4545
1063 3194
3271 3194
3194 111
638 4546
4546 1311
4546 639
417 1960
417 705
1960 415
1528 3779
1528 227
1528 145
3779 226
3779 227
3779 145
1504 4547
3779 186
485 840
4548 4549
4548 1312
4548 4550
4549 1312
4549 4550
1312 4550
3074 2713
3074 4551
3074 52
2713 4551
2713 52
4551 52
4552 4553
1843 4554
4554 1844
4555 3756
156 1586
944 1017
944 1018
43 14
1285 2617
4556 4557
4556 1387
4557 1387
4558 2801
4558 2800
4559 4560
4559 4561
4559 4562
4560 4561
4560 4562
4561 4562
4128 4563
4128 4261
4563 4261
4564 4565
4564 4566
4565 4566
2967 4567
43 130
43 465
130 465
1540 2637
1540 2638
1954 100
2290 784
613 784
1441 4568
4569 4570
4569 4571
4569 4572
4570 4571
4570 4572
4571 4572
877 624
877 626
4573 749
1059 547
1059 287
1059 554
1059 266
547 553
547 554
553 266
554 266
4574 2800
2529 376
2529 377
4575 2374
4576 1313
4576 1312
3210 950
2244 950
535 2708
3937 4577
341 4163
4578 2501
4063 1603
1635 4579
4579 1449
4579 638
4580 4581
502 354
258 354
287 26
287 27
287 100
26 100
27 100
329 503
1652 503
1027 1653
1027 503
1653 503
503 330
311 1877
485 4582
4582 487
4582 752
649 1700
1700 651
4583 4584
4585 4586
1551 465
4587 2299
4588 4589
4590 4591
4590 4592
4591 4592
4593 4594
4595 3322
1410 4596
4597 4598
4353 4599
4599 4354
4599 4355
4600 4601
4600 4602
4600 4603
4601 4602
4601 4603
4602 4603
3231 917
4604 4605
4604 4606
4604 4607
4604 4608
4605 4606
4605 4607
4605 4608
4606 4607
4606 4608
4607 4608
4609 1913
4609 4610
1913 4610
4611 4612
4611 4613
4612 4613
4614 4615
4614 4616
4615 4616
4617 4618
3367 4619
3367 4620
4619 3361
4619 4620
3361 4620
4621 4622
4623 4624
4623 4625
4624 4625
2058 3847
4626 2774
4627 4518
861 2777
2777 858
4628 3850
4629 852
4083 4630
4631 4632
4633 4634
4635 4636
4637 4638
4637 4639
4637 4640
4637 4641
4638 4639
4638 4640
4638 4641
4639 4640
4639 4641
4640 4641
4642 4643
4644 4645
4646 4647
4648 4649
4648 4650
4649 4650
4651 4652
4653 2923
4654 4655
4656 3186
1223 4657
1223 4658
4657 4658
2197 3403
385 480
4659 4660
4560 4661
4662 4663
47 4664
47 1164
4664 1164
4665 4296
63 4666
63 4667
4666 4667
474 4668
4669 74
4669 3620
4068 4670
4670 4069
4671 2266
4653 4672
4673 704
474 2015
1851 411
261 287
287 262
287 2071
71 4674
4675 1045
4675 1046
4675 1047
4675 3148
1047 3148
1020 1676
4676 2494
4676 586
2494 586
4677 4678
4677 4679
4677 4680
4678 4679
4678 4680
4679 4680
546 1059
546 553
546 554
1059 952
287 952
553 952
952 554
952 266
4681 255
4681 2202
329 566
2094 566
4682 985
1730 1675
1731 1675
4683 1379
4684 3198
4684 3199
4685 2417
1627 1598
1539 634
288 634
4686 3607
4686 4336
566 1525
10 1525
639 307
506 4687
160 100
4688 4689
4688 4690
4689 4690
110 4691
110 4692
4691 4692
1485 2633
261 661
661 1645
4693 4694
4695 1198
1656 1656
1765 635
635 382
635 1865
64 224
4696 4697
4696 1031
4696 1032
4696 2017
4697 1031
4697 1032
4697 2017
4698 546
4698 547
4698 287
4699 4700
3777 4457
3778 4457
205 2634
267 4701
4701 626
941 885
942 885
3752 4702
3752 4703
4702 4703
3870 4704
3870 4705
4704 4705
1547 1025
1547 1162
1547 2731
713 898
898 1363
4706 888
4707 608
4707 1738
608 1738
4708 4709
1980 2518
259 332
332 2634
4710 2746
595 4711
595 606
4711 606
4712 4713
4712 4714
4713 4714
124 230
4715 4716
583 653
238 4717
569 4718
1768 4719
4719 883
4541 4720
361 3753
2553 4721
4722 4723
4724 4725
4724 4726
4725 4726
2448 4727
2449 4727
4727 1610
4728 4729
4730 4731
2229 4732
2229 4733
2229 4734
4732 4733
4732 4734
4733 4734
3694 4735
4735 3695
4735 3696
4736 3814
4737 4738
4614 2042
4614 2043
4614 2044
4739 3573
4612 4740
4741 4742
4741 2332
4741 2331
4742 2332
4742 2331
4743 1711
4743 4744
4743 999
1711 4744
1711 999
4744 999
670 4745
2053 4746
2056 4747
858 4748
4749 4750
4751 4752
4753 4754
4753 4755
4754 4755
4756 4757
4758 4759
4760 4761
4760 4762
4761 4762
4763 4764
4763 4765
4764 4765
4766 4767
4766 4768
4767 4768
4244 4769
4770 4771
73 632
4772 3052
592 4773
8 4773
4773 9
2924 1877
4774 3073
4250 4280
720 3
4775 4776
4775 4777
4775 4778
4776 4777
4776 4778
4777 4778
4779 354
4780 4781
4780 4713
4780 4782
4781 4713
4781 4782
4713 4782
3682 412
471 4783
883 4783
485 2518
485 4784
485 654
2518 4784
2518 654
4784 654
1497 4785
1497 4786
4785 4786
598 4787
3631 4788
331 3753
1772 2212
4789 2017
4775 4790
4790 4777
454 4791
524 4791
837 139
3554 4792
4793 4794
3552 2431
4795 4796
3483 4797
3483 3430
3483 4798
3483 2848
4797 3430
4797 4798
4797 3431
4797 2848
3430 4798
4798 3431
4798 2848
4799 4800
4799 4801
4800 4801
4802 1189
4802 652
1189 652
4803 1162
4803 1025
4803 4804
4803 2731
1162 4804
1025 4804
4804 2731
4059 3272
3272 4060
564 2069
3759 2069
3759 3441
2069 3441
1434 78
103 78
37 3682
4805 185
4806 1599
4806 4283
4807 4808
4807 4809
4808 4809
2722 4810
3310 4810
2723 4810
2434 4811
4812 4813
863 4814
4815 4816
4817 344
188 4818
188 1731
4818 1731
1851 492
492 411
4819 1018
140 539
294 474
1175 474
437 315
2550 4804
2548 4804
2607 3941
4820 4019
4820 367
4019 367
4780 4821
4781 4821
4780 4714
4781 4714
4552 4822
4552 4823
4822 4823
3428 4824
3429 4824
4825 3425
4825 4826
3425 4826
26 1765
3319 1466
124 4827
3247 4827
3688 4828
4829 4830
4829 4831
4830 4831
4832 4833
4832 4834
4832 4835
4833 4834
4833 4835
4834 4835
4835 4836
4076 4837
4837 2324
4838 3344
4839 3328
4840 3113
4841 4842
4841 4843
4841 4844
4842 4843
4842 4844
4843 4844
682 4845
684 4845
2907 4846
4847 4848
4084 4630
4849 4850
4393 2237
4393 2350
4393 4851
2237 2350
2237 4851
2350 4851
3598 4852
3598 2916
4852 2916
1827 4853
1827 4854
4853 4854
4853 850
4853 1828
4854 850
4854 1828
4855 4856
4855 4857
4856 4857
4238 4858
4858 4239
4859 4860
4859 4861
4860 4861
4862 4863
4862 4864
4862 4865
4863 4864
4863 4865
4864 4865
4866 4867
4757 4868
4755 4869
4869 4753
4869 4754
4870 4871
4309 4872
4310 4872
4311 4872
4873 4874
4873 3760
4874 3760
156 535
4875 8
1300 4876
1300 4877
1300 3940
1300 4878
4876 4877
4876 3940
4876 1302
4876 4878
4877 3940
4877 1302
4877 4878
3940 4878
1302 4878
4879 949
1746 1312
4880 315
3878 4881
989 4881
4882 340
4882 341
754 4883
485 4883
2639 4884
2022 4800
2022 404
403 4800
4800 404
4885 2184
739 2532
262 274
4879 700
3399 4886
3399 4824
4886 4824
4887 62
4888 4260
4888 4261
85 100
4889 4890
2377 2710
2710 210
2710 412
287 624
624 27
4891 4892
4893 2409
4893 4285
2409 4285
2121 4894
4895 1017
966 626
661 2071
1954 2807
4276 36
4896 4897
4896 3770
4897 3770
4444 3143
3786 4898
1947 4899
4900 4901
4900 4902
4901 4902
2519 4903
3064 4904
2061 4904
981 370
408 370
1257 370
4905 4799
4906 4907
72 4908
4909 1067
3949 4910
4910 3950
4911 2086
758 1765
4299 1210
1954 566
1954 10
1954 1525
566 100
10 100
1525 100
4912 3530
4912 3531
4913 306
4914 4915
4915 4916
4266 4917
4918 4919
1960 4920
4920 415
4920 705
4921 4922
4921 4923
4922 4923
4924 3446
4924 4925
3446 4925
4926 4927
4926 4928
4353 4929
4353 4930
4929 4930
4931 4932
4931 3983
4932 3983
4933 4934
4935 4936
1714 2156
2152 2057
2153 2057
1238 2057
4937 4938
4939 3860
4940 4941
4942 4943
4942 4944
4942 4945
4943 4944
4943 4945
4944 4945
4946 4947
4948 4646
4758 4760
4758 4762
4758 4949
4760 4949
4949 4762
4950 4951
4952 4953
4952 4954
4953 4954
4117 4955
4117 4956
4955 4956
4955 4116
4956 4116
4706 242
810 4957
512 4958
1159 4959
460 2091
460 3939
310 2106
2106 612
1032 4960
2017 4960
4961 4962
4963 4964
515 246
515 3504
4965 4966
815 4967
4142 4968
4142 661
4142 4969
4140 4968
4140 661
4140 4969
4968 661
4968 4141
4968 4969
661 4141
661 4969
4141 4969
713 4970
713 4971
4970 4971
4972 4973
4972 4974
4973 4974
3428 4975
3429 4975
4975 559
4976 129
2479 4977
4978 4979
4978 3279
4979 3279
341 800
4980 4981
4980 777
4981 777
19 1405
19 262
1405 262
1405 274
4888 1629
4982 1038
4982 3214
1038 3214
4983 4984
2100 4985
2100 4986
4985 4986
4987 4988
4987 2389
4988 2389
4989 4990
4989 4141
4990 4141
4991 4992
4993 2091
4994 4444
4994 3143
2119 624
4995 4996
4995 4997
4995 4998
4996 4997
4996 4998
4997 4998
1 85
3072 2409
2409 412
4999 5000
4999 5001
4999 4585
5000 5001
5000 4585
5001 4585
1537 1700
1537 99
4911 349
5002 4173
5002 2209
5003 5004
417 784
2372 4471
1743 15
1743 1655
1743 991
15 1655
15 991
1655 991
5005 632
234 12
557 281
4181 5006
5006 2191
329 19
329 1954
329 104
19 1954
19 104
1954 104
3147 5007
1303 1637
1303 5008
1637 5008
3813 5009
3813 5010
5009 5010
5011 5012
5011 5013
5012 5013
5014 5015
5016 5017
5016 5018
5017 5018
5019 5020
5019 5021
5020 5021
5022 5023
5024 5025
5026 5027
5028 686
5028 2682
686 2682
5029 5030
2680 688
5031 927
5032 1620
5033 4228
5034 5035
5036 5037
5038 5039
5038 5040
5038 5041
5039 5040
5039 5041
5040 5041
5042 5043
5044 5045
5046 5047
5048 5049
5048 5050
5049 5050
5051 5052
5051 5053
5052 5053
1982 1198
1983 1198
5054 5055
5056 5057
5056 3270
5057 3270
4468 3281
4468 5058
3280 5058
3281 5058
2801 5059
5060 108
21 5061
4151 2739
5062 4796
575 536
5063 5064
5065 3752
5065 478
5066 5067
5066 5068
5067 5068
723 1156
5000 5069
5000 4586
5069 4585
5069 4586
2442 218
2442 1378
5070 5071
5072 5073
5072 4777
5073 4777
5074 5075
5076 5077
5078 1312
5078 5079
1312 5079
805 285
285 3409
3898 5080
5081 76
1099 5082
5083 5084
340 5085
340 214
5085 214
3901 5080
287 555
236 799
5086 1569
5086 2960
636 5087
5087 247
239 5088
5089 5090
207 457
107 457
629 5091
629 5092
5091 5092
5093 363
1093 5094
2957 5095
5096 5097
5098 335
512 5099
512 2799
5099 2799
1689 5100
1691 5100
5101 5102
5103 5104
646 5105
5105 777
8 634
5106 518
5106 519
163 627
482 627
2821 1755
5107 230
5107 1146
198 2699
397 231
5063 105
5108 5109
219 841
196 1209
2596 1209
221 1209
635 363
5110 1600
5111 388
2119 587
5112 1491
5113 3953
292 5114
5114 293
5115 5116
3530 2280
2280 3531
5076 5117
788 1379
260 1379
80 383
4431 2979
5118 363
5119 5120
5119 5121
5120 5121
5122 5123
5124 1764
153 88
254 277
1551 277
4290 2634
5125 5126
5125 5127
5126 5127
1515 5128
5128 1514
167 288
5129 468
5130 5131
3217 5132
3217 5133
5132 5133
5134 5135
2878 5136
5136 2879
5020 5137
5138 5139
5140 5020
5141 902
2873 5142
5143 2137
5143 3830
2137 3830
4843 5144
4843 5145
5144 5145
2997 5146
2997 5147
5146 5147
5148 5149
5148 5150
5148 5151
5149 5150
5149 5151
5150 5151
5152 5153
5152 5154
5153 5154
4931 1810
1810 4932
1810 3983
5155 5156
5157 5158
842 5159
844 5159
5159 845
3833 5160
5160 3834
5161 1127
3367 5162
5162 4619
5162 3361
5163 4086
5163 5164
5163 4087
4086 5164
5164 4087
5165 4520
5165 5166
5165 5167
4520 5166
4520 5167
5166 5167
5168 3854
5168 5169
5169 3854
5170 5171
5172 5173
5172 5174
5173 5174
5175 5176
5177 5178
5177 2356
5178 2356
5179 5180
5181 5182
5181 5183
5182 5183
5184 5185
4635 5186
5187 5188
5187 5189
5188 5189
5190 5191
5192 4953
5193 5194
5195 5196
5195 5197
5196 5197
5198 5199
5200 5201
5200 5202
5201 5202
3683 2250
3683 777
3892 5203
5204 158
5205 2162
5206 5207
5206 1642
5206 5208
5207 1642
5207 5208
1642 5208
832 3082
832 1392
3082 1392
3082 834
1392 834
5209 5210
5211 2796
1841 1868
4446 5212
833 159
159 834
5213 1175
5213 26
5213 1738
1178 4544
5214 285
702 1449
702 1635
2621 1449
2621 1635
1199 5215
5216 1754
4164 76
4164 1728
4164 4255
76 1728
76 1729
1728 4255
1729 4255
526 1841
1877 5217
267 3147
267 415
3147 415
3147 705
474 3147
3147 401
2297 2431
2298 2431
3894 5218
1753 1676
236 800
5219 659
5219 1783
659 1783
5220 5221
173 9
4712 5222
4712 5223
4713 5222
4713 5223
5222 5223
5222 4714
5223 4714
5224 5225
5224 5226
5225 5226
308 80
308 2932
80 2922
80 2932
2922 2932
5227 5228
5229 5230
5229 5231
5230 5231
5232 5233
526 712
562 712
1868 712
2630 3485
3644 5234
5235 741
5235 2704
5235 1221
741 2704
741 1221
255 145
2745 4048
37 4818
3210 1731
1731 950
5236 124
5236 1299
124 1299
5237 1515
1